/*--------------------------------*- C++ -*----------------------------------*\
| =========                 |                                                 |
| \\      /  F ield         | OpenFOAM: The Open Source CFD Toolbox           |
|  \\    /   O peration     | Version:  2312                                  |
|   \\  /    A nd           | Website:  www.openfoam.com                      |
|    \\/     M anipulation  |                                                 |
\*---------------------------------------------------------------------------*/
FoamFile
{
    version     2.0;
    format      ascii;
    arch        "LSB;label=32;scalar=64";
    class       faceList;
    location    "constant/polyMesh";
    object      faces;
}
// * * * * * * * * * * * * * * * * * * * * * * * * * * * * * * * * * * * * * //


3729
(
4(273 206 694 761)
4(206 597 1085 694)
4(273 761 1085 597)
4(274 205 693 762)
4(205 598 1086 693)
4(274 762 1086 598)
4(275 208 696 763)
4(208 599 1087 696)
4(275 763 1087 599)
4(276 207 695 764)
4(207 600 1088 695)
4(276 764 1088 600)
4(303 400 888 791)
4(173 303 791 661)
4(173 661 888 400)
4(229 400 888 717)
4(303 229 717 791)
4(304 402 890 792)
4(175 304 792 663)
4(175 663 890 402)
4(231 402 890 719)
4(304 231 719 792)
4(193 681 913 425)
4(193 314 802 681)
4(314 425 913 802)
4(194 682 914 426)
4(194 315 803 682)
4(315 426 914 803)
4(195 683 915 427)
4(316 427 915 804)
4(195 316 804 683)
4(196 684 916 428)
4(317 428 916 805)
4(196 317 805 684)
4(30 316 804 106)
4(316 452 940 804)
4(30 106 940 452)
4(11 317 805 87)
4(317 453 941 805)
4(11 87 941 453)
4(49 314 802 125)
4(314 450 938 802)
4(49 125 938 450)
4(68 315 803 144)
4(315 451 939 803)
4(68 144 939 451)
4(318 42 118 806)
4(318 806 942 454)
4(42 454 942 118)
4(319 23 99 807)
4(319 807 943 455)
4(23 455 943 99)
4(320 61 137 808)
4(320 808 944 456)
4(61 456 944 137)
4(321 80 156 809)
4(321 809 945 457)
4(80 457 945 156)
4(283 771 1032 544)
4(283 165 653 771)
4(165 544 1032 653)
4(284 772 1033 545)
4(284 166 654 772)
4(166 545 1033 654)
4(285 773 1034 546)
4(285 167 655 773)
4(167 546 1034 655)
4(286 774 1035 547)
4(286 168 656 774)
4(168 547 1035 656)
4(50 314 802 126)
4(69 315 803 145)
4(31 316 804 107)
4(12 317 805 88)
4(41 117 806 318)
4(22 98 807 319)
4(60 136 808 320)
4(79 155 809 321)
4(318 368 856 806)
4(41 117 856 368)
4(319 369 857 807)
4(22 98 857 369)
4(320 370 858 808)
4(60 136 858 370)
4(321 371 859 809)
4(79 155 859 371)
4(169 657 928 440)
4(169 404 892 657)
4(404 440 928 892)
4(170 658 929 441)
4(170 405 893 658)
4(405 441 929 893)
4(206 694 909 421)
4(273 421 909 761)
4(205 693 910 422)
4(274 422 910 762)
4(208 696 911 423)
4(275 423 911 763)
4(207 695 912 424)
4(276 424 912 764)
4(294 782 1003 515)
4(294 200 688 782)
4(200 515 1003 688)
4(293 781 1002 514)
4(293 198 686 781)
4(198 514 1002 686)
4(291 779 994 506)
4(291 197 685 779)
4(197 506 994 685)
4(292 780 995 507)
4(292 199 687 780)
4(199 507 995 687)
4(193 681 1093 605)
4(425 605 1093 913)
4(194 682 1094 606)
4(426 606 1094 914)
4(195 683 1095 607)
4(427 607 1095 915)
4(196 684 1096 608)
4(428 608 1096 916)
4(250 392 880 738)
4(306 794 880 392)
4(306 250 738 794)
4(249 390 878 737)
4(305 793 878 390)
4(305 249 737 793)
4(252 391 879 740)
4(308 796 879 391)
4(308 252 740 796)
4(251 389 877 739)
4(307 795 877 389)
4(307 251 739 795)
4(489 283 771 977)
4(489 977 1032 544)
4(490 284 772 978)
4(490 978 1033 545)
4(491 285 773 979)
4(491 979 1034 546)
4(492 286 774 980)
4(492 980 1035 547)
4(372 860 928 440)
4(372 169 657 860)
4(373 861 929 441)
4(373 170 658 861)
4(171 659 930 442)
4(171 374 862 659)
4(374 442 930 862)
4(172 660 931 443)
4(172 375 863 660)
4(375 443 931 863)
4(415 294 782 903)
4(415 903 1003 515)
4(414 293 781 902)
4(414 902 1002 514)
4(430 171 659 918)
4(430 918 930 442)
4(431 172 660 919)
4(431 919 931 443)
4(199 370 858 687)
4(320 199 687 808)
4(200 371 859 688)
4(321 200 688 809)
4(197 368 856 685)
4(318 197 685 806)
4(198 369 857 686)
4(319 198 686 807)
4(405 292 780 893)
4(405 893 995 507)
4(404 291 779 892)
4(404 892 994 506)
4(38 114 900 412)
4(305 412 900 793)
4(38 305 793 114)
4(19 95 901 413)
4(306 413 901 794)
4(19 306 794 95)
4(57 133 898 410)
4(307 410 898 795)
4(57 307 795 133)
4(76 152 899 411)
4(308 411 899 796)
4(76 308 796 152)
4(213 278 766 701)
4(213 701 898 410)
4(278 410 898 766)
4(214 279 767 702)
4(214 702 899 411)
4(279 411 899 767)
4(215 280 768 703)
4(215 703 900 412)
4(280 412 900 768)
4(216 281 769 704)
4(216 704 901 413)
4(281 413 901 769)
4(40 116 856 368)
4(21 97 857 369)
4(59 135 858 370)
4(78 154 859 371)
4(28 104 834 346)
4(29 346 834 105)
4(9 85 835 347)
4(10 347 835 86)
4(47 123 832 344)
4(48 344 832 124)
4(66 142 833 345)
4(67 345 833 143)
4(44 348 836 120)
4(43 119 836 348)
4(25 349 837 101)
4(24 100 837 349)
4(63 350 838 139)
4(62 138 838 350)
4(82 351 839 158)
4(81 157 839 351)
4(215 502 990 703)
4(499 987 990 502)
4(499 215 703 987)
4(213 501 989 701)
4(497 985 989 501)
4(497 213 701 985)
4(216 504 992 704)
4(500 988 992 504)
4(500 216 704 988)
4(214 503 991 702)
4(498 986 991 503)
4(498 214 702 986)
4(215 390 878 703)
4(390 502 990 878)
4(216 392 880 704)
4(392 504 992 880)
4(213 389 877 701)
4(389 501 989 877)
4(214 391 879 702)
4(391 503 991 879)
4(206 353 841 694)
4(353 597 1085 841)
4(205 352 840 693)
4(352 598 1086 840)
4(207 354 842 695)
4(354 600 1088 842)
4(208 355 843 696)
4(355 599 1087 843)
4(336 340 828 824)
4(241 729 828 340)
4(241 336 824 729)
4(337 341 829 825)
4(242 730 829 341)
4(242 337 825 730)
4(338 342 830 826)
4(243 731 830 342)
4(243 338 826 731)
4(339 343 831 827)
4(244 339 827 732)
4(244 732 831 343)
4(316 235 723 804)
4(235 452 940 723)
4(317 236 724 805)
4(236 453 941 724)
4(314 233 721 802)
4(233 450 938 721)
4(315 234 722 803)
4(234 451 939 722)
4(237 318 806 725)
4(237 725 942 454)
4(238 319 807 726)
4(238 726 943 455)
4(239 320 808 727)
4(239 727 944 456)
4(240 321 809 728)
4(240 728 945 457)
4(201 340 828 689)
4(336 201 689 824)
4(202 341 829 690)
4(337 202 690 825)
4(203 342 830 691)
4(338 203 691 826)
4(204 343 831 692)
4(339 204 692 827)
4(352 385 873 840)
4(229 717 873 385)
4(229 352 840 717)
4(353 386 874 841)
4(230 718 874 386)
4(230 353 841 718)
4(354 387 875 842)
4(231 719 875 387)
4(231 354 842 719)
4(355 388 876 843)
4(232 720 876 388)
4(232 355 843 720)
4(205 295 783 693)
4(205 693 873 385)
4(295 385 873 783)
4(206 296 784 694)
4(206 694 874 386)
4(296 386 874 784)
4(207 297 785 695)
4(207 695 875 387)
4(297 387 875 785)
4(208 298 786 696)
4(208 696 876 388)
4(298 388 876 786)
4(225 334 822 713)
4(334 429 917 822)
4(225 713 917 429)
4(439 228 716 927)
4(439 927 1047 559)
4(228 559 1047 716)
4(278 766 905 417)
4(213 417 905 701)
4(279 767 906 418)
4(214 418 906 702)
4(280 768 907 419)
4(215 419 907 703)
4(281 769 908 420)
4(216 420 908 704)
4(334 822 881 393)
4(225 393 881 713)
4(173 334 822 661)
4(173 661 881 393)
4(392 880 971 483)
4(250 483 971 738)
4(390 878 969 481)
4(249 481 969 737)
4(391 879 972 484)
4(252 484 972 740)
4(389 877 970 482)
4(251 482 970 739)
4(169 381 869 657)
4(291 169 657 779)
4(291 779 869 381)
4(170 382 870 658)
4(292 170 658 780)
4(292 780 870 382)
4(171 383 871 659)
4(293 171 659 781)
4(293 781 871 383)
4(172 384 872 660)
4(294 172 660 782)
4(294 782 872 384)
4(346 532 1020 834)
4(28 104 1020 532)
4(347 534 1022 835)
4(9 85 1022 534)
4(344 533 1021 832)
4(47 123 1021 533)
4(345 535 1023 833)
4(66 142 1023 535)
4(348 836 1025 537)
4(44 537 1025 120)
4(349 837 1024 536)
4(25 536 1024 101)
4(350 838 1027 539)
4(63 539 1027 139)
4(351 839 1026 538)
4(82 538 1026 158)
4(378 866 883 395)
4(181 395 883 669)
4(378 181 669 866)
4(377 865 884 396)
4(182 396 884 670)
4(377 182 670 865)
4(380 868 885 397)
4(183 397 885 671)
4(380 183 671 868)
4(379 867 886 398)
4(184 398 886 672)
4(379 184 672 867)
4(436 485 973 924)
4(303 436 924 791)
4(303 791 973 485)
4(314 802 932 444)
4(193 444 932 681)
4(315 803 933 445)
4(194 445 933 682)
4(233 721 932 444)
4(234 722 933 445)
4(322 810 869 381)
4(322 217 705 810)
4(217 381 869 705)
4(169 322 810 657)
4(323 811 870 382)
4(323 218 706 811)
4(218 382 870 706)
4(170 323 811 658)
4(324 812 871 383)
4(324 219 707 812)
4(219 383 871 707)
4(171 324 812 659)
4(325 813 872 384)
4(325 220 708 813)
4(220 384 872 708)
4(172 325 813 660)
4(209 312 800 697)
4(312 533 1021 800)
4(209 697 1021 533)
4(210 310 798 698)
4(310 532 1020 798)
4(210 698 1020 532)
4(310 798 1024 536)
4(210 536 1024 698)
4(211 313 801 699)
4(313 535 1023 801)
4(211 699 1023 535)
4(312 800 1025 537)
4(209 537 1025 697)
4(212 311 799 700)
4(311 534 1022 799)
4(212 700 1022 534)
4(311 799 1026 538)
4(212 538 1026 700)
4(313 801 1027 539)
4(211 539 1027 699)
4(215 305 793 703)
4(213 307 795 701)
4(216 306 794 704)
4(214 308 796 702)
4(229 299 787 717)
4(299 400 888 787)
4(230 300 788 718)
4(300 401 889 788)
4(230 718 889 401)
4(231 301 789 719)
4(301 402 890 789)
4(232 302 790 720)
4(302 403 891 790)
4(232 720 891 403)
4(37 113 900 412)
4(18 94 901 413)
4(56 132 898 410)
4(75 151 899 411)
4(310 27 103 798)
4(27 532 1020 103)
4(311 8 84 799)
4(8 534 1022 84)
4(26 310 798 102)
4(26 102 1024 536)
4(45 312 800 121)
4(45 121 1025 537)
4(312 46 122 800)
4(46 533 1021 122)
4(313 65 141 801)
4(65 535 1023 141)
4(83 311 799 159)
4(83 159 1026 538)
4(64 313 801 140)
4(64 140 1027 539)
4(54 130 981 493)
4(54 326 814 130)
4(326 493 981 814)
4(73 149 982 494)
4(73 327 815 149)
4(327 494 982 815)
4(35 111 983 495)
4(35 328 816 111)
4(328 495 983 816)
4(16 92 984 496)
4(16 329 817 92)
4(329 496 984 817)
4(171 659 902 414)
4(172 660 903 415)
4(287 775 1089 601)
4(287 217 705 775)
4(217 601 1089 705)
4(288 776 1090 602)
4(288 218 706 776)
4(218 602 1090 706)
4(289 777 1091 603)
4(289 219 707 777)
4(219 603 1091 707)
4(290 778 1092 604)
4(290 220 708 778)
4(220 604 1092 708)
4(283 189 677 771)
4(189 417 905 677)
4(283 771 905 417)
4(284 190 678 772)
4(190 418 906 678)
4(284 772 906 418)
4(285 191 679 773)
4(191 419 907 679)
4(285 773 907 419)
4(286 192 680 774)
4(192 420 908 680)
4(286 774 908 420)
4(200 531 1019 688)
4(371 859 1019 531)
4(199 530 1018 687)
4(370 858 1018 530)
4(198 529 1017 686)
4(369 857 1017 529)
4(197 528 1016 685)
4(368 856 1016 528)
4(221 295 783 709)
4(221 709 883 395)
4(295 395 883 783)
4(222 296 784 710)
4(222 710 884 396)
4(296 396 884 784)
4(223 297 785 711)
4(223 711 885 397)
4(297 397 885 785)
4(224 298 786 712)
4(224 712 886 398)
4(298 398 886 786)
4(177 287 775 665)
4(287 406 894 775)
4(177 665 894 406)
4(178 288 776 666)
4(288 407 895 776)
4(178 666 895 407)
4(179 289 777 667)
4(289 408 896 777)
4(179 667 896 408)
4(180 290 778 668)
4(290 409 897 778)
4(180 668 897 409)
4(309 468 956 797)
4(186 309 797 674)
4(186 674 956 468)
4(309 243 731 797)
4(243 468 956 731)
4(295 783 1128 640)
4(221 640 1128 709)
4(296 784 1129 641)
4(222 641 1129 710)
4(297 785 1130 642)
4(223 642 1130 711)
4(298 786 1131 643)
4(224 643 1131 712)
4(344 209 697 832)
4(345 211 699 833)
4(346 210 698 834)
4(209 348 836 697)
4(210 349 837 698)
4(347 212 700 835)
4(211 350 838 699)
4(212 351 839 700)
4(205 577 1065 693)
4(295 783 1065 577)
4(206 576 1064 694)
4(296 784 1064 576)
4(207 579 1067 695)
4(297 785 1067 579)
4(208 578 1066 696)
4(298 786 1066 578)
4(304 792 927 439)
4(304 228 716 792)
4(272 439 927 760)
4(272 760 1047 559)
4(436 186 674 924)
4(186 485 973 674)
4(283 551 1039 771)
4(165 653 1039 551)
4(284 552 1040 772)
4(166 654 1040 552)
4(285 553 1041 773)
4(167 655 1041 553)
4(286 554 1042 774)
4(168 656 1042 554)
4(601 605 1093 1089)
4(287 775 1093 605)
4(602 606 1094 1090)
4(288 776 1094 606)
4(603 607 1095 1091)
4(289 777 1095 607)
4(604 608 1096 1092)
4(290 778 1096 608)
4(197 685 1081 593)
4(291 593 1081 779)
4(199 687 1083 595)
4(292 595 1083 780)
4(198 686 1082 594)
4(293 594 1082 781)
4(200 688 1084 596)
4(294 596 1084 782)
4(376 864 881 393)
4(376 226 714 864)
4(226 393 881 714)
4(436 924 1123 635)
4(303 635 1123 791)
4(399 887 947 459)
4(399 270 758 887)
4(270 459 947 758)
4(227 399 887 715)
4(227 715 947 459)
4(429 917 1038 550)
4(185 550 1038 673)
4(429 185 673 917)
4(282 770 1038 550)
4(282 429 917 770)
4(195 324 812 683)
4(195 683 975 487)
4(324 487 975 812)
4(196 325 813 684)
4(196 684 976 488)
4(325 488 976 813)
4(227 335 823 715)
4(335 437 925 823)
4(227 715 925 437)
4(50 425 913 126)
4(69 426 914 145)
4(31 427 915 107)
4(12 428 916 88)
4(177 524 1012 665)
4(287 775 1012 524)
4(178 525 1013 666)
4(288 776 1013 525)
4(179 526 1014 667)
4(289 777 1014 526)
4(180 527 1015 668)
4(290 778 1015 527)
4(586 629 1117 1074)
4(282 770 1117 629)
4(282 586 1074 770)
4(339 460 948 827)
4(176 339 827 664)
4(176 664 948 460)
4(244 460 948 732)
4(53 432 920 129)
4(52 128 920 432)
4(72 433 921 148)
4(71 147 921 433)
4(34 434 922 110)
4(33 109 922 434)
4(15 435 923 91)
4(14 90 923 435)
4(217 705 1076 588)
4(217 360 848 705)
4(360 588 1076 848)
4(218 706 1077 589)
4(218 361 849 706)
4(361 589 1077 849)
4(219 707 1078 590)
4(219 362 850 707)
4(362 590 1078 850)
4(220 708 1079 591)
4(220 363 851 708)
4(363 591 1079 851)
4(310 615 1103 798)
4(27 103 1103 615)
4(311 616 1104 799)
4(8 84 1104 616)
4(26 615 1103 102)
4(83 616 1104 159)
4(312 800 1105 617)
4(45 617 1105 121)
4(46 122 1105 617)
4(313 801 1106 618)
4(64 618 1106 140)
4(65 141 1106 618)
4(348 836 928 440)
4(209 440 928 697)
4(350 838 929 441)
4(211 441 929 699)
4(237 725 928 440)
4(237 348 836 725)
4(346 834 930 442)
4(346 235 723 834)
4(235 442 930 723)
4(239 727 929 441)
4(239 350 838 727)
4(347 835 931 443)
4(347 236 724 835)
4(236 443 931 724)
4(210 698 930 442)
4(212 700 931 443)
4(226 714 1123 635)
4(226 436 924 714)
4(439 486 974 927)
4(304 792 974 486)
4(377 865 1064 576)
4(396 576 1064 884)
4(378 866 1065 577)
4(395 577 1065 883)
4(379 867 1066 578)
4(398 578 1066 886)
4(380 868 1067 579)
4(397 579 1067 885)
4(437 458 946 925)
4(277 437 925 765)
4(277 765 946 458)
4(187 458 946 675)
4(437 187 675 925)
4(189 677 977 489)
4(190 678 978 490)
4(191 679 979 491)
4(192 680 980 492)
4(229 717 1028 540)
4(385 540 1028 873)
4(230 718 1029 541)
4(386 541 1029 874)
4(231 719 1030 542)
4(387 542 1030 875)
4(232 720 1031 543)
4(388 543 1031 876)
4(217 705 1068 580)
4(287 580 1068 775)
4(218 706 1069 581)
4(288 581 1069 776)
4(219 707 1070 582)
4(289 582 1070 777)
4(220 708 1071 583)
4(290 583 1071 778)
4(505 993 1118 630)
4(505 176 664 993)
4(176 630 1118 664)
4(322 601 1089 810)
4(323 602 1090 811)
4(324 603 1091 812)
4(325 604 1092 813)
4(173 635 1123 661)
4(330 818 883 395)
4(330 221 709 818)
4(181 330 818 669)
4(332 820 884 396)
4(332 222 710 820)
4(331 819 885 397)
4(331 223 711 819)
4(183 331 819 671)
4(182 332 820 670)
4(333 821 886 398)
4(333 224 712 821)
4(184 333 821 672)
4(382 870 1077 589)
4(381 869 1076 588)
4(384 872 1079 591)
4(383 871 1078 590)
4(334 627 1115 822)
4(429 917 1115 627)
4(304 438 926 792)
4(228 716 926 438)
4(175 438 926 663)
4(385 640 1128 873)
4(161 649 1128 640)
4(161 385 873 649)
4(386 641 1129 874)
4(162 650 1129 641)
4(162 386 874 650)
4(387 642 1130 875)
4(163 651 1130 642)
4(163 387 875 651)
4(388 643 1131 876)
4(164 652 1131 643)
4(164 388 876 652)
4(601 193 681 1089)
4(602 194 682 1090)
4(603 195 683 1091)
4(604 196 684 1092)
4(364 852 997 509)
4(364 201 689 852)
4(201 509 997 689)
4(262 364 852 750)
4(262 750 997 509)
4(365 853 998 510)
4(365 202 690 853)
4(202 510 998 690)
4(263 365 853 751)
4(263 751 998 510)
4(366 854 999 511)
4(366 203 691 854)
4(203 511 999 691)
4(264 366 854 752)
4(264 752 999 511)
4(367 855 1000 512)
4(367 204 692 855)
4(204 512 1000 692)
4(265 367 855 753)
4(265 753 1000 512)
4(305 611 1099 793)
4(249 737 1099 611)
4(306 612 1100 794)
4(250 738 1100 612)
4(307 613 1101 795)
4(251 739 1101 613)
4(308 614 1102 796)
4(252 740 1102 614)
4(299 787 1028 540)
4(300 788 1029 541)
4(301 789 1030 542)
4(302 790 1031 543)
4(360 848 934 446)
4(217 446 934 705)
4(361 849 935 447)
4(218 447 935 706)
4(362 850 936 448)
4(219 448 936 707)
4(363 851 937 449)
4(220 449 937 708)
4(270 629 1117 758)
4(586 270 758 1074)
4(15 91 984 496)
4(34 110 983 495)
4(72 148 982 494)
4(53 129 981 493)
4(550 1038 1098 610)
4(550 230 718 1038)
4(230 610 1098 718)
4(330 818 1081 593)
4(330 197 685 818)
4(331 819 1082 594)
4(331 198 686 819)
4(332 820 1083 595)
4(332 199 687 820)
4(333 821 1084 596)
4(333 200 688 821)
4(340 464 952 828)
4(241 729 952 464)
4(341 466 954 829)
4(242 730 954 466)
4(342 469 957 830)
4(243 731 957 469)
4(343 470 958 831)
4(244 732 958 470)
4(309 797 924 436)
4(439 188 676 927)
4(188 486 974 676)
4(227 715 963 475)
4(463 475 963 951)
4(227 463 951 715)
4(364 524 1012 852)
4(177 364 852 665)
4(365 525 1013 853)
4(178 365 853 666)
4(366 526 1014 854)
4(179 366 854 667)
4(367 527 1015 855)
4(180 367 855 668)
4(432 920 981 493)
4(433 921 982 494)
4(434 922 983 495)
4(435 923 984 496)
4(229 717 973 485)
4(231 719 974 486)
4(336 173 661 824)
4(336 824 888 400)
4(337 174 662 825)
4(337 825 889 401)
4(174 401 889 662)
4(338 175 663 826)
4(338 826 890 402)
4(176 403 891 664)
4(339 827 891 403)
4(19 612 1100 95)
4(38 611 1099 114)
4(76 614 1102 152)
4(57 613 1101 133)
4(340 165 653 828)
4(165 464 952 653)
4(341 166 654 829)
4(166 466 954 654)
4(342 167 655 830)
4(167 469 957 655)
4(343 168 656 831)
4(168 470 958 656)
4(377 865 909 421)
4(377 206 694 865)
4(379 867 911 423)
4(379 208 696 867)
4(378 866 910 422)
4(378 205 693 866)
4(380 868 912 424)
4(380 207 695 868)
4(282 770 1098 610)
4(360 640 1128 848)
4(221 360 848 709)
4(361 641 1129 849)
4(222 361 849 710)
4(362 642 1130 850)
4(223 362 850 711)
4(363 643 1131 851)
4(224 363 851 712)
4(225 376 864 713)
4(399 887 963 475)
4(262 524 1012 750)
4(263 525 1013 751)
4(264 526 1014 752)
4(265 527 1015 753)
4(324 812 918 430)
4(325 813 919 431)
4(356 844 977 489)
4(356 189 677 844)
4(258 746 977 489)
4(258 356 844 746)
4(357 845 978 490)
4(357 190 678 845)
4(259 747 978 490)
4(259 357 845 747)
4(358 846 979 491)
4(358 191 679 846)
4(260 748 979 491)
4(260 358 846 748)
4(359 847 980 492)
4(359 192 680 847)
4(261 749 980 492)
4(261 359 847 749)
4(587 1075 1097 609)
4(309 609 1097 797)
4(587 309 797 1075)
4(271 759 1097 609)
4(271 587 1075 759)
4(406 894 1093 605)
4(407 895 1094 606)
4(408 896 1095 607)
4(409 897 1096 608)
4(588 593 1081 1076)
4(291 588 1076 779)
4(589 595 1083 1077)
4(292 589 1077 780)
4(590 594 1082 1078)
4(293 590 1078 781)
4(591 596 1084 1079)
4(294 591 1079 782)
4(497 551 1039 985)
4(283 497 985 771)
4(498 552 1040 986)
4(284 498 986 772)
4(499 553 1041 987)
4(285 499 987 773)
4(500 554 1042 988)
4(286 500 988 774)
4(334 241 729 822)
4(241 627 1115 729)
4(335 242 730 823)
4(335 823 1116 628)
4(242 628 1116 730)
4(243 731 996 508)
4(309 508 996 797)
4(376 416 904 864)
4(226 714 904 416)
4(160 648 1001 513)
4(160 394 882 648)
4(394 513 1001 882)
4(335 459 947 823)
4(174 335 823 662)
4(174 662 947 459)
4(253 551 1039 741)
4(497 253 741 985)
4(255 552 1040 743)
4(498 255 743 986)
4(254 553 1041 742)
4(499 254 742 987)
4(256 554 1042 744)
4(500 256 744 988)
4(316 804 975 487)
4(235 723 975 487)
4(317 805 976 488)
4(236 724 976 488)
4(356 177 665 844)
4(356 844 1004 516)
4(177 516 1004 665)
4(357 178 666 845)
4(357 845 1005 517)
4(178 517 1005 666)
4(358 179 667 846)
4(358 846 1006 518)
4(179 518 1006 667)
4(359 180 668 847)
4(359 847 1007 519)
4(180 519 1007 668)
4(416 160 648 904)
4(416 904 1001 513)
4(375 863 903 415)
4(374 862 902 414)
4(177 665 1052 564)
4(356 564 1052 844)
4(178 666 1053 565)
4(357 565 1053 845)
4(179 667 1054 566)
4(358 566 1054 846)
4(180 668 1055 567)
4(359 567 1055 847)
4(444 932 1089 601)
4(322 444 932 810)
4(445 933 1090 602)
4(323 445 933 811)
4(319 807 1002 514)
4(238 514 1002 726)
4(321 809 1003 515)
4(240 515 1003 728)
4(318 806 994 506)
4(237 506 994 725)
4(320 808 995 507)
4(239 507 995 727)
4(221 709 1081 593)
4(222 710 1083 595)
4(223 711 1082 594)
4(224 712 1084 596)
4(330 528 1016 818)
4(332 530 1018 820)
4(331 529 1017 819)
4(333 531 1019 821)
4(438 926 1001 513)
4(271 513 1001 759)
4(438 271 759 926)
4(338 508 996 826)
4(175 663 996 508)
4(169 584 1072 657)
4(322 810 1072 584)
4(170 585 1073 658)
4(323 811 1073 585)
4(430 487 975 918)
4(431 488 976 919)
4(393 881 1123 635)
4(349 837 1126 638)
4(210 638 1126 698)
4(351 839 1127 639)
4(212 639 1127 700)
4(181 669 969 481)
4(181 390 878 669)
4(183 671 971 483)
4(183 392 880 671)
4(182 670 970 482)
4(182 389 877 670)
4(184 672 972 484)
4(184 391 879 672)
4(238 374 862 726)
4(238 726 902 414)
4(240 375 863 728)
4(240 728 903 415)
4(51 425 913 127)
4(70 426 914 146)
4(32 427 915 108)
4(13 428 916 89)
4(54 522 1010 130)
4(326 814 1010 522)
4(73 523 1011 149)
4(327 815 1011 523)
4(35 520 1008 111)
4(328 816 1008 520)
4(16 521 1009 92)
4(329 817 1009 521)
4(439 927 949 461)
4(272 461 949 760)
4(404 237 725 892)
4(405 239 727 893)
4(376 160 648 864)
4(495 557 1045 983)
4(247 735 1045 557)
4(247 495 983 735)
4(328 557 1045 816)
4(344 832 938 450)
4(48 450 938 124)
4(345 833 939 451)
4(67 451 939 143)
4(350 838 944 456)
4(348 836 942 454)
4(351 839 945 457)
4(351 240 728 839)
4(349 837 943 455)
4(349 238 726 837)
4(62 138 944 456)
4(43 119 942 454)
4(81 157 945 457)
4(24 100 943 455)
4(346 834 940 452)
4(29 452 940 105)
4(347 835 941 453)
4(10 453 941 86)
4(429 917 1117 629)
4(160 648 950 462)
4(376 462 950 864)
4(355 458 946 843)
4(187 355 843 675)
4(232 458 946 720)
4(277 505 993 765)
4(277 765 1118 630)
4(188 676 949 461)
4(330 818 969 481)
4(331 819 971 483)
4(332 820 970 482)
4(333 821 972 484)
4(253 377 865 741)
4(253 741 909 421)
4(254 378 866 742)
4(254 742 910 422)
4(255 379 867 743)
4(255 743 911 423)
4(256 380 868 744)
4(256 744 912 424)
4(450 636 1124 938)
4(344 832 1124 636)
4(451 637 1125 939)
4(345 833 1125 637)
4(233 636 1124 721)
4(234 637 1125 722)
4(588 221 709 1076)
4(589 222 710 1077)
4(590 223 711 1078)
4(591 224 712 1079)
4(228 394 882 716)
4(394 559 1047 882)
4(228 716 1001 513)
4(233 584 1072 721)
4(372 233 721 860)
4(372 860 1072 584)
4(234 585 1073 722)
4(373 234 722 861)
4(373 861 1073 585)
4(493 981 1043 555)
4(326 555 1043 814)
4(245 733 1043 555)
4(245 493 981 733)
4(494 982 1044 556)
4(327 556 1044 815)
4(246 734 1044 556)
4(246 494 982 734)
4(496 984 1046 558)
4(329 558 1046 817)
4(248 736 1046 558)
4(248 496 984 736)
4(334 822 1036 548)
4(173 548 1036 661)
4(335 823 1037 549)
4(174 549 1037 662)
4(241 729 1036 548)
4(242 730 1037 549)
4(209 697 1124 636)
4(211 699 1125 637)
4(238 726 1126 638)
4(240 728 1127 639)
4(425 266 754 913)
4(266 605 1093 754)
4(426 267 755 914)
4(267 606 1094 755)
4(427 268 756 915)
4(268 607 1095 756)
4(428 269 757 916)
4(269 608 1096 757)
4(201 477 965 689)
4(340 828 965 477)
4(202 478 966 690)
4(341 829 966 478)
4(203 479 967 691)
4(342 830 967 479)
4(204 480 968 692)
4(343 831 968 480)
4(201 689 1056 568)
4(336 568 1056 824)
4(202 690 1057 569)
4(337 569 1057 825)
4(203 691 1058 570)
4(338 570 1058 826)
4(204 692 1059 571)
4(339 571 1059 827)
4(161 360 848 649)
4(161 649 934 446)
4(162 361 849 650)
4(162 650 935 447)
4(163 362 850 651)
4(163 651 936 448)
4(164 363 851 652)
4(164 652 937 449)
4(340 544 1032 828)
4(341 545 1033 829)
4(342 546 1034 830)
4(343 547 1035 831)
4(336 824 1036 548)
4(337 825 1037 549)
4(245 356 844 733)
4(245 733 1004 516)
4(246 357 845 734)
4(246 734 1005 517)
4(247 358 846 735)
4(247 735 1006 518)
4(248 359 847 736)
4(248 736 1007 519)
4(413 901 1061 573)
4(281 573 1061 769)
4(411 899 1063 575)
4(279 575 1063 767)
4(412 900 1060 572)
4(280 572 1060 768)
4(410 898 1062 574)
4(278 574 1062 766)
4(258 746 1032 544)
4(259 747 1033 545)
4(260 748 1034 546)
4(261 749 1035 547)
4(399 887 950 462)
4(399 160 648 887)
4(446 934 1068 580)
4(447 935 1069 581)
4(448 936 1070 582)
4(449 937 1071 583)
4(377 865 989 501)
4(253 501 989 741)
4(182 670 989 501)
4(379 867 991 503)
4(255 503 991 743)
4(378 866 990 502)
4(254 502 990 742)
4(181 669 990 502)
4(184 672 991 503)
4(380 868 992 504)
4(256 504 992 744)
4(183 671 992 504)
4(352 840 973 485)
4(354 842 974 486)
4(353 841 1038 550)
4(209 372 860 697)
4(211 373 861 699)
4(374 210 698 862)
4(375 212 700 863)
4(437 925 1116 628)
4(249 368 856 737)
4(249 737 1016 528)
4(250 369 857 738)
4(250 738 1017 529)
4(251 370 858 739)
4(251 739 1018 530)
4(252 371 859 740)
4(252 740 1019 531)
4(186 352 840 674)
4(188 354 842 676)
4(270 758 950 462)
4(186 598 1086 674)
4(187 599 1087 675)
4(188 600 1088 676)
4(368 473 961 856)
4(40 116 961 473)
4(369 474 962 857)
4(21 97 962 474)
4(370 471 959 858)
4(59 135 959 471)
4(371 472 960 859)
4(78 154 960 472)
4(364 852 965 477)
4(364 258 746 852)
4(258 477 965 746)
4(365 478 966 853)
4(365 259 747 853)
4(259 478 966 747)
4(366 479 967 854)
4(366 260 748 854)
4(260 479 967 748)
4(367 480 968 855)
4(367 261 749 855)
4(261 480 968 749)
4(364 852 1052 564)
4(365 853 1053 565)
4(366 854 1054 566)
4(367 855 1055 567)
4(356 555 1043 844)
4(189 677 1043 555)
4(357 556 1044 845)
4(190 678 1044 556)
4(358 846 1045 557)
4(359 558 1046 847)
4(192 680 1046 558)
4(191 679 1045 557)
4(258 564 1052 746)
4(259 565 1053 747)
4(260 566 1054 748)
4(261 567 1055 749)
4(422 553 1041 910)
4(421 551 1039 909)
4(424 554 1042 912)
4(423 552 1040 911)
4(249 473 961 737)
4(250 474 962 738)
4(251 471 959 739)
4(252 472 960 740)
4(241 465 953 729)
4(465 627 1115 953)
4(242 467 955 730)
4(467 628 1116 955)
4(417 905 1132 644)
4(189 644 1132 677)
4(418 906 1133 645)
4(190 645 1133 678)
4(419 907 1134 646)
4(191 646 1134 679)
4(420 908 1135 647)
4(192 647 1135 680)
4(225 462 950 713)
4(444 584 1072 932)
4(445 585 1073 933)
4(372 860 1124 636)
4(373 861 1125 637)
4(374 862 1126 638)
4(375 863 1127 639)
4(235 430 918 723)
4(236 431 919 724)
4(394 882 963 475)
4(160 475 963 648)
4(257 745 963 475)
4(257 394 882 745)
4(540 1028 1111 623)
4(540 161 649 1028)
4(161 623 1111 649)
4(541 1029 1112 624)
4(541 162 650 1029)
4(162 624 1112 650)
4(542 1030 1113 625)
4(542 163 651 1030)
4(163 625 1113 651)
4(543 1031 1114 626)
4(543 164 652 1031)
4(164 626 1114 652)
4(403 891 993 505)
4(278 766 1132 644)
4(279 767 1133 645)
4(280 768 1134 646)
4(281 769 1135 647)
4(550 1038 1085 597)
4(185 597 1085 673)
4(416 609 1097 904)
4(226 714 1097 609)
4(299 787 1111 623)
4(300 788 1112 624)
4(301 789 1113 625)
4(302 790 1114 626)
4(417 497 985 905)
4(418 498 986 906)
4(419 499 987 907)
4(420 500 988 908)
4(474 962 1100 612)
4(473 961 1099 611)
4(471 959 1101 613)
4(472 960 1102 614)
4(39 115 961 473)
4(20 96 962 474)
4(58 134 959 471)
4(77 153 960 472)
4(77 614 1102 153)
4(58 613 1101 134)
4(39 611 1099 115)
4(20 612 1100 96)
4(509 997 1056 568)
4(299 787 1056 568)
4(299 509 997 787)
4(510 998 1057 569)
4(300 788 1057 569)
4(300 510 998 788)
4(511 999 1058 570)
4(301 789 1058 570)
4(301 511 999 789)
4(512 1000 1059 571)
4(302 790 1059 571)
4(302 512 1000 790)
4(460 948 964 476)
4(460 272 760 948)
4(272 476 964 760)
4(176 664 964 476)
4(436 609 1097 924)
4(400 888 1056 568)
4(401 889 1057 569)
4(402 890 1058 570)
4(403 891 1059 571)
4(463 257 745 951)
4(188 592 1080 676)
4(592 600 1088 1080)
4(271 416 904 759)
4(401 610 1098 889)
4(55 522 1010 131)
4(74 523 1011 150)
4(36 520 1008 112)
4(17 521 1009 93)
4(422 620 1108 910)
4(553 1041 1108 620)
4(421 619 1107 909)
4(551 1039 1107 619)
4(424 622 1110 912)
4(554 1042 1110 622)
4(423 621 1109 911)
4(552 1040 1109 621)
4(461 592 1080 949)
4(462 629 1117 950)
4(0 616 1104 4)
4(1 615 1103 5)
4(2 6 1105 617)
4(3 618 1106 7)
4(459 586 1074 947)
4(174 662 1074 586)
4(437 463 951 925)
4(277 463 951 765)
4(245 432 920 733)
4(246 433 921 734)
4(247 434 922 735)
4(248 435 923 736)
4(262 623 1111 750)
4(446 262 750 934)
4(446 934 1111 623)
4(263 624 1112 751)
4(447 263 751 935)
4(447 935 1112 624)
4(264 625 1113 752)
4(448 264 752 936)
4(448 936 1113 625)
4(265 626 1114 753)
4(449 265 753 937)
4(449 937 1114 626)
4(232 720 993 505)
4(425 913 1048 560)
4(51 560 1048 127)
4(426 914 1049 561)
4(70 561 1049 146)
4(266 754 1048 560)
4(267 755 1049 561)
4(427 915 1050 562)
4(32 562 1050 108)
4(428 916 1051 563)
4(13 563 1051 89)
4(268 756 1050 562)
4(269 757 1051 563)
4(476 630 1118 964)
4(464 465 953 952)
4(273 465 953 761)
4(464 273 761 952)
4(466 467 955 954)
4(275 467 955 763)
4(466 275 763 954)
4(468 956 957 469)
4(274 468 956 762)
4(274 762 957 469)
4(406 266 754 894)
4(406 894 1119 631)
4(266 631 1119 754)
4(407 267 755 895)
4(407 895 1120 632)
4(267 632 1120 755)
4(408 268 756 896)
4(408 896 1121 633)
4(268 633 1121 756)
4(409 269 757 897)
4(409 897 1122 634)
4(269 634 1122 757)
4(406 516 1004 894)
4(407 517 1005 895)
4(408 518 1006 896)
4(409 519 1007 897)
4(257 559 1047 745)
4(481 528 1016 969)
4(482 530 1018 970)
4(483 529 1017 971)
4(484 531 1019 972)
4(509 623 1111 997)
4(510 624 1112 998)
4(511 625 1113 999)
4(512 626 1114 1000)
4(185 673 1115 627)
4(52 560 1048 128)
4(71 561 1049 147)
4(33 562 1050 109)
4(14 563 1051 90)
4(460 461 949 948)
4(56 574 1062 132)
4(55 131 1062 574)
4(75 575 1063 151)
4(74 150 1063 575)
4(37 572 1060 113)
4(36 112 1060 572)
4(18 573 1061 94)
4(17 93 1061 573)
4(244 461 949 732)
4(438 587 1075 926)
4(175 587 1075 663)
4(174 610 1098 662)
4(262 750 1068 580)
4(263 751 1069 581)
4(264 752 1070 582)
4(265 753 1071 583)
4(458 946 993 505)
4(555 644 1132 1043)
4(556 645 1133 1044)
4(558 647 1135 1046)
4(520 1008 1060 572)
4(521 1009 1061 573)
4(280 520 1008 768)
4(281 521 1009 769)
4(523 1011 1063 575)
4(522 1010 1062 574)
4(278 522 1010 766)
4(279 523 1011 767)
4(326 644 1132 814)
4(327 645 1133 815)
4(329 647 1135 817)
4(524 580 1068 1012)
4(525 581 1069 1013)
4(526 582 1070 1014)
4(527 583 1071 1015)
4(187 675 1116 628)
4(273 619 1107 761)
4(274 620 1108 762)
4(275 621 1109 763)
4(276 622 1110 764)
4(432 560 1048 920)
4(433 561 1049 921)
4(434 562 1050 922)
4(435 563 1051 923)
4(432 266 754 920)
4(433 267 755 921)
4(434 268 756 922)
4(435 269 757 923)
4(557 1045 1134 646)
4(328 646 1134 816)
4(225 713 1117 629)
4(477 544 1032 965)
4(478 545 1033 966)
4(479 546 1034 967)
4(480 547 1035 968)
4(516 1004 1119 631)
4(517 1005 1120 632)
4(518 1006 1121 633)
4(519 1007 1122 634)
4(432 920 1119 631)
4(245 631 1119 733)
4(433 921 1120 632)
4(246 632 1120 734)
4(434 922 1121 633)
4(247 633 1121 735)
4(435 923 1122 634)
4(248 634 1122 736)
4(465 597 1085 953)
4(185 465 953 673)
4(468 598 1086 956)
4(467 599 1087 955)
4(187 467 955 675)
4(476 559 1047 964)
4(257 476 964 745)
4(592 276 764 1080)
4(244 592 1080 732)
4(463 630 1118 951)
4(257 745 1118 630)
4(520 646 1134 1008)
4(521 647 1135 1009)
4(522 644 1132 1010)
4(523 645 1133 1011)
4(470 592 1080 958)
4(464 952 1107 619)
4(165 619 1107 653)
4(469 620 1108 957)
4(167 620 1108 655)
4(466 954 1109 621)
4(166 621 1109 654)
4(470 622 1110 958)
4(276 470 958 764)
4(168 622 1110 656)
4(508 996 1075 587)
4(586 610 1098 1074)
3(273 597 206)
3(761 694 1085)
3(274 598 205)
3(762 693 1086)
3(275 599 208)
3(763 696 1087)
3(276 600 207)
3(764 695 1088)
3(173 400 303)
3(661 791 888)
3(303 400 229)
3(791 717 888)
3(175 402 304)
3(663 792 890)
3(304 402 231)
3(792 719 890)
3(193 425 314)
3(681 802 913)
3(194 426 315)
3(682 803 914)
3(195 427 316)
3(683 804 915)
3(196 428 317)
3(684 805 916)
3(30 452 316)
3(106 804 940)
3(11 453 317)
3(87 805 941)
3(49 450 314)
3(125 802 938)
3(68 451 315)
3(144 803 939)
3(318 454 42)
3(806 118 942)
3(319 455 23)
3(807 99 943)
3(320 456 61)
3(808 137 944)
3(321 457 80)
3(809 156 945)
3(283 544 165)
3(771 653 1032)
3(284 545 166)
3(772 654 1033)
3(285 546 167)
3(773 655 1034)
3(286 547 168)
3(774 656 1035)
3(49 314 50)
3(125 126 802)
3(68 315 69)
3(144 145 803)
3(30 316 31)
3(106 107 804)
3(11 317 12)
3(87 88 805)
3(41 318 42)
3(117 118 806)
3(22 319 23)
3(98 99 807)
3(60 320 61)
3(136 137 808)
3(79 321 80)
3(155 156 809)
3(41 368 318)
3(117 806 856)
3(22 369 319)
3(98 807 857)
3(60 370 320)
3(136 808 858)
3(79 371 321)
3(155 809 859)
3(169 440 404)
3(657 892 928)
3(170 441 405)
3(658 893 929)
3(206 421 273)
3(694 761 909)
3(205 422 274)
3(693 762 910)
3(208 423 275)
3(696 763 911)
3(207 424 276)
3(695 764 912)
3(294 515 200)
3(782 688 1003)
3(293 514 198)
3(781 686 1002)
3(291 506 197)
3(779 685 994)
3(292 507 199)
3(780 687 995)
3(193 605 425)
3(681 913 1093)
3(194 606 426)
3(682 914 1094)
3(195 607 427)
3(683 915 1095)
3(196 608 428)
3(684 916 1096)
3(306 392 250)
3(794 738 880)
3(305 390 249)
3(793 737 878)
3(308 391 252)
3(796 740 879)
3(307 389 251)
3(795 739 877)
3(489 544 283)
3(977 771 1032)
3(490 545 284)
3(978 772 1033)
3(491 546 285)
3(979 773 1034)
3(492 547 286)
3(980 774 1035)
3(372 440 169)
3(860 657 928)
3(373 441 170)
3(861 658 929)
3(171 442 374)
3(659 862 930)
3(172 443 375)
3(660 863 931)
3(415 515 294)
3(903 782 1003)
3(414 514 293)
3(902 781 1002)
3(430 442 171)
3(918 659 930)
3(431 443 172)
3(919 660 931)
3(320 370 199)
3(808 687 858)
3(321 371 200)
3(809 688 859)
3(318 368 197)
3(806 685 856)
3(319 369 198)
3(807 686 857)
3(405 507 292)
3(893 780 995)
3(404 506 291)
3(892 779 994)
3(38 412 305)
3(114 793 900)
3(19 413 306)
3(95 794 901)
3(57 410 307)
3(133 795 898)
3(76 411 308)
3(152 796 899)
3(213 410 278)
3(701 766 898)
3(214 411 279)
3(702 767 899)
3(215 412 280)
3(703 768 900)
3(216 413 281)
3(704 769 901)
3(40 368 41)
3(116 117 856)
3(21 369 22)
3(97 98 857)
3(59 370 60)
3(135 136 858)
3(78 371 79)
3(154 155 859)
3(28 346 29)
3(104 105 834)
3(9 347 10)
3(85 86 835)
3(47 344 48)
3(123 124 832)
3(66 345 67)
3(142 143 833)
3(43 348 44)
3(119 120 836)
3(24 349 25)
3(100 101 837)
3(62 350 63)
3(138 139 838)
3(81 351 82)
3(157 158 839)
3(499 502 215)
3(987 703 990)
3(497 501 213)
3(985 701 989)
3(500 504 216)
3(988 704 992)
3(498 503 214)
3(986 702 991)
3(215 502 390)
3(703 878 990)
3(216 504 392)
3(704 880 992)
3(213 501 389)
3(701 877 989)
3(214 503 391)
3(702 879 991)
3(206 597 353)
3(694 841 1085)
3(205 598 352)
3(693 840 1086)
3(207 600 354)
3(695 842 1088)
3(208 599 355)
3(696 843 1087)
3(241 340 336)
3(729 824 828)
3(242 341 337)
3(730 825 829)
3(243 342 338)
3(731 826 830)
3(244 343 339)
3(732 827 831)
3(316 452 235)
3(804 723 940)
3(317 453 236)
3(805 724 941)
3(314 450 233)
3(802 721 938)
3(315 451 234)
3(803 722 939)
3(237 454 318)
3(725 806 942)
3(238 455 319)
3(726 807 943)
3(239 456 320)
3(727 808 944)
3(240 457 321)
3(728 809 945)
3(336 340 201)
3(824 689 828)
3(337 341 202)
3(825 690 829)
3(338 342 203)
3(826 691 830)
3(339 343 204)
3(827 692 831)
3(229 385 352)
3(717 840 873)
3(230 386 353)
3(718 841 874)
3(231 387 354)
3(719 842 875)
3(232 388 355)
3(720 843 876)
3(205 385 295)
3(693 783 873)
3(206 386 296)
3(694 784 874)
3(207 387 297)
3(695 785 875)
3(208 388 298)
3(696 786 876)
3(225 429 334)
3(713 822 917)
3(439 559 228)
3(927 716 1047)
3(278 417 213)
3(766 701 905)
3(279 418 214)
3(767 702 906)
3(280 419 215)
3(768 703 907)
3(281 420 216)
3(769 704 908)
3(334 393 225)
3(822 713 881)
3(173 393 334)
3(661 822 881)
3(392 483 250)
3(880 738 971)
3(390 481 249)
3(878 737 969)
3(391 484 252)
3(879 740 972)
3(389 482 251)
3(877 739 970)
3(291 381 169)
3(779 657 869)
3(292 382 170)
3(780 658 870)
3(293 383 171)
3(781 659 871)
3(294 384 172)
3(782 660 872)
3(28 532 346)
3(104 834 1020)
3(9 534 347)
3(85 835 1022)
3(47 533 344)
3(123 832 1021)
3(66 535 345)
3(142 833 1023)
3(348 537 44)
3(836 120 1025)
3(349 536 25)
3(837 101 1024)
3(350 539 63)
3(838 139 1027)
3(351 538 82)
3(839 158 1026)
3(378 395 181)
3(866 669 883)
3(377 396 182)
3(865 670 884)
3(380 397 183)
3(868 671 885)
3(379 398 184)
3(867 672 886)
3(303 485 436)
3(791 924 973)
3(314 444 193)
3(802 681 932)
3(315 445 194)
3(803 682 933)
3(233 444 314)
3(721 802 932)
3(234 445 315)
3(722 803 933)
3(322 381 217)
3(810 705 869)
3(169 381 322)
3(657 810 869)
3(323 382 218)
3(811 706 870)
3(170 382 323)
3(658 811 870)
3(324 383 219)
3(812 707 871)
3(171 383 324)
3(659 812 871)
3(325 384 220)
3(813 708 872)
3(172 384 325)
3(660 813 872)
3(209 533 312)
3(697 800 1021)
3(210 532 310)
3(698 798 1020)
3(310 536 210)
3(798 698 1024)
3(211 535 313)
3(699 801 1023)
3(312 537 209)
3(800 697 1025)
3(212 534 311)
3(700 799 1022)
3(311 538 212)
3(799 700 1026)
3(313 539 211)
3(801 699 1027)
3(215 390 305)
3(703 793 878)
3(213 389 307)
3(701 795 877)
3(216 392 306)
3(704 794 880)
3(214 391 308)
3(702 796 879)
3(229 400 299)
3(717 787 888)
3(230 401 300)
3(718 788 889)
3(231 402 301)
3(719 789 890)
3(232 403 302)
3(720 790 891)
3(37 412 38)
3(113 114 900)
3(18 413 19)
3(94 95 901)
3(56 410 57)
3(132 133 898)
3(75 411 76)
3(151 152 899)
3(310 532 27)
3(798 103 1020)
3(311 534 8)
3(799 84 1022)
3(26 536 310)
3(102 798 1024)
3(45 537 312)
3(121 800 1025)
3(312 533 46)
3(800 122 1021)
3(313 535 65)
3(801 141 1023)
3(83 538 311)
3(159 799 1026)
3(64 539 313)
3(140 801 1027)
3(54 493 326)
3(130 814 981)
3(73 494 327)
3(149 815 982)
3(35 495 328)
3(111 816 983)
3(16 496 329)
3(92 817 984)
3(171 414 293)
3(659 781 902)
3(172 415 294)
3(660 782 903)
3(287 601 217)
3(775 705 1089)
3(288 602 218)
3(776 706 1090)
3(289 603 219)
3(777 707 1091)
3(290 604 220)
3(778 708 1092)
3(283 417 189)
3(771 677 905)
3(284 418 190)
3(772 678 906)
3(285 419 191)
3(773 679 907)
3(286 420 192)
3(774 680 908)
3(371 531 200)
3(859 688 1019)
3(370 530 199)
3(858 687 1018)
3(369 529 198)
3(857 686 1017)
3(368 528 197)
3(856 685 1016)
3(221 395 295)
3(709 783 883)
3(222 396 296)
3(710 784 884)
3(223 397 297)
3(711 785 885)
3(224 398 298)
3(712 786 886)
3(177 406 287)
3(665 775 894)
3(178 407 288)
3(666 776 895)
3(179 408 289)
3(667 777 896)
3(180 409 290)
3(668 778 897)
3(169 404 291)
3(657 779 892)
3(170 405 292)
3(658 780 893)
3(186 468 309)
3(674 797 956)
3(309 468 243)
3(797 731 956)
3(295 640 221)
3(783 709 1128)
3(296 641 222)
3(784 710 1129)
3(297 642 223)
3(785 711 1130)
3(298 643 224)
3(786 712 1131)
3(344 533 209)
3(832 697 1021)
3(345 535 211)
3(833 699 1023)
3(346 532 210)
3(834 698 1020)
3(209 537 348)
3(697 836 1025)
3(210 536 349)
3(698 837 1024)
3(347 534 212)
3(835 700 1022)
3(211 539 350)
3(699 838 1027)
3(212 538 351)
3(700 839 1026)
3(295 577 205)
3(783 693 1065)
3(296 576 206)
3(784 694 1064)
3(297 579 207)
3(785 695 1067)
3(298 578 208)
3(786 696 1066)
3(304 439 228)
3(792 716 927)
3(272 559 439)
3(760 927 1047)
3(436 485 186)
3(924 674 973)
3(165 551 283)
3(653 771 1039)
3(166 552 284)
3(654 772 1040)
3(167 553 285)
3(655 773 1041)
3(168 554 286)
3(656 774 1042)
3(287 605 601)
3(775 1089 1093)
3(288 606 602)
3(776 1090 1094)
3(289 607 603)
3(777 1091 1095)
3(290 608 604)
3(778 1092 1096)
3(352 385 205)
3(840 693 873)
3(353 386 206)
3(841 694 874)
3(354 387 207)
3(842 695 875)
3(355 388 208)
3(843 696 876)
3(197 593 291)
3(685 779 1081)
3(199 595 292)
3(687 780 1083)
3(198 594 293)
3(686 781 1082)
3(200 596 294)
3(688 782 1084)
3(376 393 226)
3(864 714 881)
3(436 635 303)
3(924 791 1123)
3(399 459 270)
3(887 758 947)
3(227 459 399)
3(715 887 947)
3(429 550 185)
3(917 673 1038)
3(282 550 429)
3(770 917 1038)
3(195 487 324)
3(683 812 975)
3(196 488 325)
3(684 813 976)
3(227 437 335)
3(715 823 925)
3(314 425 50)
3(802 126 913)
3(315 426 69)
3(803 145 914)
3(316 427 31)
3(804 107 915)
3(317 428 12)
3(805 88 916)
3(305 412 215)
3(793 703 900)
3(306 413 216)
3(794 704 901)
3(307 410 213)
3(795 701 898)
3(308 411 214)
3(796 702 899)
3(287 524 177)
3(775 665 1012)
3(288 525 178)
3(776 666 1013)
3(289 526 179)
3(777 667 1014)
3(290 527 180)
3(778 668 1015)
3(282 629 586)
3(770 1074 1117)
3(176 460 339)
3(664 827 948)
3(339 460 244)
3(827 732 948)
3(52 432 53)
3(128 129 920)
3(71 433 72)
3(147 148 921)
3(33 434 34)
3(109 110 922)
3(14 435 15)
3(90 91 923)
3(217 588 360)
3(705 848 1076)
3(218 589 361)
3(706 849 1077)
3(219 590 362)
3(707 850 1078)
3(220 591 363)
3(708 851 1079)
3(27 615 310)
3(103 798 1103)
3(8 616 311)
3(84 799 1104)
3(310 615 26)
3(798 102 1103)
3(311 616 83)
3(799 159 1104)
3(312 617 45)
3(800 121 1105)
3(46 617 312)
3(122 800 1105)
3(313 618 64)
3(801 140 1106)
3(65 618 313)
3(141 801 1106)
3(348 440 209)
3(836 697 928)
3(350 441 211)
3(838 699 929)
3(237 440 348)
3(725 836 928)
3(346 442 235)
3(834 723 930)
3(239 441 350)
3(727 838 929)
3(347 443 236)
3(835 724 931)
3(210 442 346)
3(698 834 930)
3(212 443 347)
3(700 835 931)
3(226 635 436)
3(714 924 1123)
3(304 486 439)
3(792 927 974)
3(377 576 396)
3(865 884 1064)
3(378 577 395)
3(866 883 1065)
3(379 578 398)
3(867 886 1066)
3(380 579 397)
3(868 885 1067)
3(277 458 437)
3(765 925 946)
3(437 458 187)
3(925 675 946)
3(189 489 283)
3(677 771 977)
3(190 490 284)
3(678 772 978)
3(191 491 285)
3(679 773 979)
3(192 492 286)
3(680 774 980)
3(229 540 385)
3(717 873 1028)
3(230 541 386)
3(718 874 1029)
3(231 542 387)
3(719 875 1030)
3(232 543 388)
3(720 876 1031)
3(217 580 287)
3(705 775 1068)
3(218 581 288)
3(706 776 1069)
3(219 582 289)
3(707 777 1070)
3(220 583 290)
3(708 778 1071)
3(505 630 176)
3(993 664 1118)
3(217 601 322)
3(705 810 1089)
3(218 602 323)
3(706 811 1090)
3(219 603 324)
3(707 812 1091)
3(220 604 325)
3(708 813 1092)
3(303 635 173)
3(791 661 1123)
3(330 395 221)
3(818 709 883)
3(181 395 330)
3(669 818 883)
3(332 396 222)
3(820 710 884)
3(331 397 223)
3(819 711 885)
3(183 397 331)
3(671 819 885)
3(182 396 332)
3(670 820 884)
3(333 398 224)
3(821 712 886)
3(184 398 333)
3(672 821 886)
3(382 589 218)
3(870 706 1077)
3(381 588 217)
3(869 705 1076)
3(384 591 220)
3(872 708 1079)
3(383 590 219)
3(871 707 1078)
3(429 627 334)
3(917 822 1115)
3(228 438 304)
3(716 792 926)
3(304 438 175)
3(792 663 926)
3(161 640 385)
3(649 873 1128)
3(162 641 386)
3(650 874 1129)
3(385 640 295)
3(873 783 1128)
3(386 641 296)
3(874 784 1129)
3(163 642 387)
3(651 875 1130)
3(164 643 388)
3(652 876 1131)
3(387 642 297)
3(875 785 1130)
3(388 643 298)
3(876 786 1131)
3(601 605 193)
3(1089 681 1093)
3(602 606 194)
3(1090 682 1094)
3(603 607 195)
3(1091 683 1095)
3(604 608 196)
3(1092 684 1096)
3(364 509 201)
3(852 689 997)
3(262 509 364)
3(750 852 997)
3(365 510 202)
3(853 690 998)
3(263 510 365)
3(751 853 998)
3(366 511 203)
3(854 691 999)
3(264 511 366)
3(752 854 999)
3(367 512 204)
3(855 692 1000)
3(265 512 367)
3(753 855 1000)
3(249 611 305)
3(737 793 1099)
3(250 612 306)
3(738 794 1100)
3(251 613 307)
3(739 795 1101)
3(252 614 308)
3(740 796 1102)
3(299 540 229)
3(787 717 1028)
3(300 541 230)
3(788 718 1029)
3(301 542 231)
3(789 719 1030)
3(302 543 232)
3(790 720 1031)
3(360 446 217)
3(848 705 934)
3(361 447 218)
3(849 706 935)
3(362 448 219)
3(850 707 936)
3(363 449 220)
3(851 708 937)
3(586 629 270)
3(1074 758 1117)
3(15 496 16)
3(91 92 984)
3(34 495 35)
3(110 111 983)
3(72 494 73)
3(148 149 982)
3(53 493 54)
3(129 130 981)
3(27 532 28)
3(103 104 1020)
3(8 534 9)
3(84 85 1022)
3(46 533 47)
3(122 123 1021)
3(65 535 66)
3(141 142 1023)
3(44 537 45)
3(120 121 1025)
3(25 536 26)
3(101 102 1024)
3(63 539 64)
3(139 140 1027)
3(82 538 83)
3(158 159 1026)
3(550 610 230)
3(1038 718 1098)
3(330 593 197)
3(818 685 1081)
3(331 594 198)
3(819 686 1082)
3(332 595 199)
3(820 687 1083)
3(333 596 200)
3(821 688 1084)
3(241 464 340)
3(729 828 952)
3(242 466 341)
3(730 829 954)
3(243 469 342)
3(731 830 957)
3(244 470 343)
3(732 831 958)
3(309 436 186)
3(797 674 924)
3(439 486 188)
3(927 676 974)
3(227 475 463)
3(715 951 963)
3(177 524 364)
3(665 852 1012)
3(178 525 365)
3(666 853 1013)
3(179 526 366)
3(667 854 1014)
3(180 527 367)
3(668 855 1015)
3(432 493 53)
3(920 129 981)
3(433 494 72)
3(921 148 982)
3(434 495 34)
3(922 110 983)
3(435 496 15)
3(923 91 984)
3(229 485 303)
3(717 791 973)
3(231 486 304)
3(719 792 974)
3(336 400 173)
3(824 661 888)
3(337 401 174)
3(825 662 889)
3(338 402 175)
3(826 663 890)
3(339 403 176)
3(827 664 891)
3(306 612 19)
3(794 95 1100)
3(305 611 38)
3(793 114 1099)
3(308 614 76)
3(796 152 1102)
3(307 613 57)
3(795 133 1101)
3(340 464 165)
3(828 653 952)
3(341 466 166)
3(829 654 954)
3(342 469 167)
3(830 655 957)
3(343 470 168)
3(831 656 958)
3(377 421 206)
3(865 694 909)
3(379 423 208)
3(867 696 911)
3(378 422 205)
3(866 693 910)
3(380 424 207)
3(868 695 912)
3(282 610 550)
3(770 1038 1098)
3(221 640 360)
3(709 848 1128)
3(222 641 361)
3(710 849 1129)
3(223 642 362)
3(711 850 1130)
3(224 643 363)
3(712 851 1131)
3(225 393 376)
3(713 864 881)
3(399 475 227)
3(887 715 963)
3(364 524 262)
3(852 750 1012)
3(365 525 263)
3(853 751 1013)
3(366 526 264)
3(854 752 1014)
3(367 527 265)
3(855 753 1015)
3(324 430 171)
3(812 659 918)
3(325 431 172)
3(813 660 919)
3(356 489 189)
3(844 677 977)
3(258 489 356)
3(746 844 977)
3(357 490 190)
3(845 678 978)
3(259 490 357)
3(747 845 978)
3(358 491 191)
3(846 679 979)
3(260 491 358)
3(748 846 979)
3(359 492 192)
3(847 680 980)
3(261 492 359)
3(749 847 980)
3(587 609 309)
3(1075 797 1097)
3(271 609 587)
3(759 1075 1097)
3(406 605 287)
3(894 775 1093)
3(407 606 288)
3(895 776 1094)
3(408 607 289)
3(896 777 1095)
3(409 608 290)
3(897 778 1096)
3(291 593 588)
3(779 1076 1081)
3(292 595 589)
3(780 1077 1083)
3(293 594 590)
3(781 1078 1082)
3(294 596 591)
3(782 1079 1084)
3(324 603 195)
3(812 683 1091)
3(325 604 196)
3(813 684 1092)
3(283 551 497)
3(771 985 1039)
3(284 552 498)
3(772 986 1040)
3(285 553 499)
3(773 987 1041)
3(286 554 500)
3(774 988 1042)
3(334 627 241)
3(822 729 1115)
3(335 628 242)
3(823 730 1116)
3(243 508 309)
3(731 797 996)
3(226 416 376)
3(714 864 904)
3(160 513 394)
3(648 882 1001)
3(174 459 335)
3(662 823 947)
3(497 551 253)
3(985 741 1039)
3(498 552 255)
3(986 743 1040)
3(499 553 254)
3(987 742 1041)
3(500 554 256)
3(988 744 1042)
3(316 487 195)
3(804 683 975)
3(235 487 316)
3(723 804 975)
3(317 488 196)
3(805 684 976)
3(236 488 317)
3(724 805 976)
3(356 516 177)
3(844 665 1004)
3(357 517 178)
3(845 666 1005)
3(358 518 179)
3(846 667 1006)
3(359 519 180)
3(847 668 1007)
3(416 513 160)
3(904 648 1001)
3(375 415 172)
3(863 660 903)
3(374 414 171)
3(862 659 902)
3(177 564 356)
3(665 844 1052)
3(178 565 357)
3(666 845 1053)
3(179 566 358)
3(667 846 1054)
3(180 567 359)
3(668 847 1055)
3(444 601 193)
3(932 681 1089)
3(322 601 444)
3(810 932 1089)
3(445 602 194)
3(933 682 1090)
3(323 602 445)
3(811 933 1090)
3(319 514 238)
3(807 726 1002)
3(321 515 240)
3(809 728 1003)
3(318 506 237)
3(806 725 994)
3(320 507 239)
3(808 727 995)
3(198 514 319)
3(686 807 1002)
3(200 515 321)
3(688 809 1003)
3(197 506 318)
3(685 806 994)
3(199 507 320)
3(687 808 995)
3(221 593 330)
3(709 818 1081)
3(222 595 332)
3(710 820 1083)
3(223 594 331)
3(711 819 1082)
3(224 596 333)
3(712 821 1084)
3(197 528 330)
3(685 818 1016)
3(199 530 332)
3(687 820 1018)
3(198 529 331)
3(686 819 1017)
3(200 531 333)
3(688 821 1019)
3(438 513 271)
3(926 759 1001)
3(175 508 338)
3(663 826 996)
3(338 508 243)
3(826 731 996)
3(322 584 169)
3(810 657 1072)
3(323 585 170)
3(811 658 1073)
3(324 487 430)
3(812 918 975)
3(325 488 431)
3(813 919 976)
3(393 635 226)
3(881 714 1123)
3(349 638 210)
3(837 698 1126)
3(351 639 212)
3(839 700 1127)
3(181 481 390)
3(669 878 969)
3(183 483 392)
3(671 880 971)
3(182 482 389)
3(670 877 970)
3(184 484 391)
3(672 879 972)
3(238 414 374)
3(726 862 902)
3(240 415 375)
3(728 863 903)
3(50 425 51)
3(126 127 913)
3(69 426 70)
3(145 146 914)
3(31 427 32)
3(107 108 915)
3(12 428 13)
3(88 89 916)
3(326 522 54)
3(814 130 1010)
3(327 523 73)
3(815 149 1011)
3(328 520 35)
3(816 111 1008)
3(329 521 16)
3(817 92 1009)
3(439 461 272)
3(927 760 949)
3(404 440 237)
3(892 725 928)
3(405 441 239)
3(893 727 929)
3(376 416 160)
3(864 648 904)
3(247 557 495)
3(735 983 1045)
3(495 557 328)
3(983 816 1045)
3(344 450 48)
3(832 124 938)
3(345 451 67)
3(833 143 939)
3(350 456 239)
3(838 727 944)
3(348 454 237)
3(836 725 942)
3(351 457 240)
3(839 728 945)
3(349 455 238)
3(837 726 943)
3(62 456 350)
3(138 838 944)
3(43 454 348)
3(119 836 942)
3(81 457 351)
3(157 839 945)
3(24 455 349)
3(100 837 943)
3(346 452 29)
3(834 105 940)
3(347 453 10)
3(835 86 941)
3(235 452 346)
3(723 834 940)
3(236 453 347)
3(724 835 941)
3(429 629 282)
3(917 770 1117)
3(160 462 376)
3(648 864 950)
3(187 458 355)
3(675 843 946)
3(355 458 232)
3(843 720 946)
3(277 630 505)
3(765 993 1118)
3(188 461 439)
3(676 927 949)
3(330 481 181)
3(818 669 969)
3(331 483 183)
3(819 671 971)
3(332 482 182)
3(820 670 970)
3(333 484 184)
3(821 672 972)
3(335 459 227)
3(823 715 947)
3(253 421 377)
3(741 865 909)
3(254 422 378)
3(742 866 910)
3(255 423 379)
3(743 867 911)
3(256 424 380)
3(744 868 912)
3(344 636 450)
3(832 938 1124)
3(345 637 451)
3(833 939 1125)
3(450 636 233)
3(938 721 1124)
3(451 637 234)
3(939 722 1125)
3(588 593 221)
3(1076 709 1081)
3(589 595 222)
3(1077 710 1083)
3(590 594 223)
3(1078 711 1082)
3(591 596 224)
3(1079 712 1084)
3(228 559 394)
3(716 882 1047)
3(228 513 438)
3(716 926 1001)
3(372 584 233)
3(860 721 1072)
3(373 585 234)
3(861 722 1073)
3(291 588 381)
3(779 869 1076)
3(292 589 382)
3(780 870 1077)
3(293 590 383)
3(781 871 1078)
3(294 591 384)
3(782 872 1079)
3(493 555 326)
3(981 814 1043)
3(245 555 493)
3(733 981 1043)
3(494 556 327)
3(982 815 1044)
3(246 556 494)
3(734 982 1044)
3(496 558 329)
3(984 817 1046)
3(248 558 496)
3(736 984 1046)
3(334 548 173)
3(822 661 1036)
3(335 549 174)
3(823 662 1037)
3(241 548 334)
3(729 822 1036)
3(242 549 335)
3(730 823 1037)
3(209 636 344)
3(697 832 1124)
3(211 637 345)
3(699 833 1125)
3(238 638 349)
3(726 837 1126)
3(240 639 351)
3(728 839 1127)
3(425 605 266)
3(913 754 1093)
3(426 606 267)
3(914 755 1094)
3(427 607 268)
3(915 756 1095)
3(428 608 269)
3(916 757 1096)
3(340 477 201)
3(828 689 965)
3(341 478 202)
3(829 690 966)
3(342 479 203)
3(830 691 967)
3(343 480 204)
3(831 692 968)
3(173 635 393)
3(661 881 1123)
3(201 568 336)
3(689 824 1056)
3(202 569 337)
3(690 825 1057)
3(203 570 338)
3(691 826 1058)
3(204 571 339)
3(692 827 1059)
3(161 446 360)
3(649 848 934)
3(162 447 361)
3(650 849 935)
3(163 448 362)
3(651 850 936)
3(164 449 363)
3(652 851 937)
3(165 544 340)
3(653 828 1032)
3(166 545 341)
3(654 829 1033)
3(167 546 342)
3(655 830 1034)
3(168 547 343)
3(656 831 1035)
3(336 548 241)
3(824 729 1036)
3(337 549 242)
3(825 730 1037)
3(173 548 336)
3(661 824 1036)
3(174 549 337)
3(662 825 1037)
3(245 516 356)
3(733 844 1004)
3(246 517 357)
3(734 845 1005)
3(247 518 358)
3(735 846 1006)
3(248 519 359)
3(736 847 1007)
3(413 573 281)
3(901 769 1061)
3(411 575 279)
3(899 767 1063)
3(412 572 280)
3(900 768 1060)
3(410 574 278)
3(898 766 1062)
3(258 544 489)
3(746 977 1032)
3(259 545 490)
3(747 978 1033)
3(260 546 491)
3(748 979 1034)
3(261 547 492)
3(749 980 1035)
3(399 462 160)
3(887 648 950)
3(446 580 217)
3(934 705 1068)
3(447 581 218)
3(935 706 1069)
3(448 582 219)
3(936 707 1070)
3(449 583 220)
3(937 708 1071)
3(377 501 253)
3(865 741 989)
3(182 501 377)
3(670 865 989)
3(379 503 255)
3(867 743 991)
3(378 502 254)
3(866 742 990)
3(181 502 378)
3(669 866 990)
3(184 503 379)
3(672 867 991)
3(380 504 256)
3(868 744 992)
3(183 504 380)
3(671 868 992)
3(352 485 229)
3(840 717 973)
3(354 486 231)
3(842 719 974)
3(353 550 230)
3(841 718 1038)
3(209 440 372)
3(697 860 928)
3(211 441 373)
3(699 861 929)
3(374 442 210)
3(862 698 930)
3(375 443 212)
3(863 700 931)
3(437 628 335)
3(925 823 1116)
3(249 528 368)
3(737 856 1016)
3(250 529 369)
3(738 857 1017)
3(251 530 370)
3(739 858 1018)
3(252 531 371)
3(740 859 1019)
3(186 485 352)
3(674 840 973)
3(188 486 354)
3(676 842 974)
3(270 462 399)
3(758 887 950)
3(360 640 161)
3(848 649 1128)
3(361 641 162)
3(849 650 1129)
3(362 642 163)
3(850 651 1130)
3(363 643 164)
3(851 652 1131)
3(352 598 186)
3(840 674 1086)
3(355 599 187)
3(843 675 1087)
3(354 600 188)
3(842 676 1088)
3(40 473 368)
3(116 856 961)
3(21 474 369)
3(97 857 962)
3(59 471 370)
3(135 858 959)
3(78 472 371)
3(154 859 960)
3(364 477 258)
3(852 746 965)
3(201 477 364)
3(689 852 965)
3(202 478 365)
3(690 853 966)
3(365 478 259)
3(853 747 966)
3(203 479 366)
3(691 854 967)
3(366 479 260)
3(854 748 967)
3(204 480 367)
3(692 855 968)
3(367 480 261)
3(855 749 968)
3(364 564 177)
3(852 665 1052)
3(365 565 178)
3(853 666 1053)
3(366 566 179)
3(854 667 1054)
3(367 567 180)
3(855 668 1055)
3(189 555 356)
3(677 844 1043)
3(190 556 357)
3(678 845 1044)
3(358 557 247)
3(846 735 1045)
3(192 558 359)
3(680 847 1046)
3(356 555 245)
3(844 733 1043)
3(357 556 246)
3(845 734 1044)
3(191 557 358)
3(679 846 1045)
3(359 558 248)
3(847 736 1046)
3(356 564 258)
3(844 746 1052)
3(357 565 259)
3(845 747 1053)
3(358 566 260)
3(846 748 1054)
3(359 567 261)
3(847 749 1055)
3(360 588 221)
3(848 709 1076)
3(361 589 222)
3(849 710 1077)
3(362 590 223)
3(850 711 1078)
3(363 591 224)
3(851 712 1079)
3(254 553 422)
3(742 910 1041)
3(253 551 421)
3(741 909 1039)
3(256 554 424)
3(744 912 1042)
3(255 552 423)
3(743 911 1040)
3(368 473 249)
3(856 737 961)
3(369 474 250)
3(857 738 962)
3(370 471 251)
3(858 739 959)
3(371 472 252)
3(859 740 960)
3(241 627 465)
3(729 953 1115)
3(242 628 467)
3(730 955 1116)
3(417 644 189)
3(905 677 1132)
3(418 645 190)
3(906 678 1133)
3(419 646 191)
3(907 679 1134)
3(420 647 192)
3(908 680 1135)
3(376 462 225)
3(864 713 950)
3(233 584 444)
3(721 932 1072)
3(234 585 445)
3(722 933 1073)
3(372 636 209)
3(860 697 1124)
3(373 637 211)
3(861 699 1125)
3(374 638 238)
3(862 726 1126)
3(375 639 240)
3(863 728 1127)
3(258 564 364)
3(746 852 1052)
3(259 565 365)
3(747 853 1053)
3(260 566 366)
3(748 854 1054)
3(261 567 367)
3(749 855 1055)
3(235 442 430)
3(723 918 930)
3(236 443 431)
3(724 919 931)
3(394 475 160)
3(882 648 963)
3(257 475 394)
3(745 882 963)
3(540 623 161)
3(1028 649 1111)
3(541 624 162)
3(1029 650 1112)
3(542 625 163)
3(1030 651 1113)
3(543 626 164)
3(1031 652 1114)
3(403 505 176)
3(891 664 993)
3(278 644 417)
3(766 905 1132)
3(279 645 418)
3(767 906 1133)
3(280 646 419)
3(768 907 1134)
3(281 647 420)
3(769 908 1135)
3(550 597 185)
3(1038 673 1085)
3(353 597 550)
3(841 1038 1085)
3(226 609 416)
3(714 904 1097)
3(48 450 49)
3(124 125 938)
3(67 451 68)
3(143 144 939)
3(29 452 30)
3(105 106 940)
3(10 453 11)
3(86 87 941)
3(42 454 43)
3(118 119 942)
3(23 455 24)
3(99 100 943)
3(61 456 62)
3(137 138 944)
3(80 457 81)
3(156 157 945)
3(299 623 540)
3(787 1028 1111)
3(300 624 541)
3(788 1029 1112)
3(301 625 542)
3(789 1030 1113)
3(302 626 543)
3(790 1031 1114)
3(283 497 417)
3(771 905 985)
3(284 498 418)
3(772 906 986)
3(285 499 419)
3(773 907 987)
3(286 500 420)
3(774 908 988)
3(385 540 161)
3(873 649 1028)
3(386 541 162)
3(874 650 1029)
3(387 542 163)
3(875 651 1030)
3(388 543 164)
3(876 652 1031)
3(474 612 250)
3(962 738 1100)
3(473 611 249)
3(961 737 1099)
3(471 613 251)
3(959 739 1101)
3(472 614 252)
3(960 740 1102)
3(39 473 40)
3(115 116 961)
3(20 474 21)
3(96 97 962)
3(58 471 59)
3(134 135 959)
3(77 472 78)
3(153 154 960)
3(76 614 77)
3(152 153 1102)
3(57 613 58)
3(133 134 1101)
3(38 611 39)
3(114 115 1099)
3(19 612 20)
3(95 96 1100)
3(233 636 372)
3(721 860 1124)
3(234 637 373)
3(722 861 1125)
3(210 638 374)
3(698 862 1126)
3(212 639 375)
3(700 863 1127)
3(509 568 201)
3(997 689 1056)
3(299 568 509)
3(787 997 1056)
3(510 569 202)
3(998 690 1057)
3(300 569 510)
3(788 998 1057)
3(511 570 203)
3(999 691 1058)
3(301 570 511)
3(789 999 1058)
3(512 571 204)
3(1000 692 1059)
3(302 571 512)
3(790 1000 1059)
3(169 584 372)
3(657 860 1072)
3(170 585 373)
3(658 861 1073)
3(254 502 499)
3(742 987 990)
3(253 501 497)
3(741 985 989)
3(256 504 500)
3(744 988 992)
3(255 503 498)
3(743 986 991)
3(460 476 272)
3(948 760 964)
3(176 476 460)
3(664 948 964)
3(389 501 182)
3(877 670 989)
3(390 502 181)
3(878 669 990)
3(391 503 184)
3(879 672 991)
3(392 504 183)
3(880 671 992)
3(309 609 436)
3(797 924 1097)
3(400 568 299)
3(888 787 1056)
3(401 569 300)
3(889 788 1057)
3(402 570 301)
3(890 789 1058)
3(403 571 302)
3(891 790 1059)
3(206 576 377)
3(694 865 1064)
3(205 577 378)
3(693 866 1065)
3(208 578 379)
3(696 867 1066)
3(207 579 380)
3(695 868 1067)
3(463 475 257)
3(951 745 963)
3(188 600 592)
3(676 1080 1088)
3(271 513 416)
3(759 904 1001)
3(230 610 401)
3(718 889 1098)
3(416 609 271)
3(904 759 1097)
3(54 522 55)
3(130 131 1010)
3(73 523 74)
3(149 150 1011)
3(35 520 36)
3(111 112 1008)
3(16 521 17)
3(92 93 1009)
3(553 620 422)
3(1041 910 1108)
3(551 619 421)
3(1039 909 1107)
3(554 622 424)
3(1042 912 1110)
3(552 621 423)
3(1040 911 1109)
3(188 592 461)
3(676 949 1080)
3(270 629 462)
3(758 950 1117)
3(160 475 399)
3(648 887 963)
3(83 616 0)
3(159 4 1104)
3(26 615 1)
3(102 5 1103)
3(1 615 27)
3(5 103 1103)
3(0 616 8)
3(4 84 1104)
3(2 617 46)
3(6 122 1105)
3(45 617 2)
3(121 6 1105)
3(64 618 3)
3(140 7 1106)
3(3 618 65)
3(7 141 1106)
3(174 586 459)
3(662 947 1074)
3(227 463 437)
3(715 925 951)
3(437 463 277)
3(925 765 951)
3(245 493 432)
3(733 920 981)
3(246 494 433)
3(734 921 982)
3(247 495 434)
3(735 922 983)
3(248 496 435)
3(736 923 984)
3(446 623 262)
3(934 750 1111)
3(447 624 263)
3(935 751 1112)
3(448 625 264)
3(936 752 1113)
3(449 626 265)
3(937 753 1114)
3(394 513 228)
3(882 716 1001)
3(232 505 403)
3(720 891 993)
3(425 560 51)
3(913 127 1048)
3(426 561 70)
3(914 146 1049)
3(266 560 425)
3(754 913 1048)
3(267 561 426)
3(755 914 1049)
3(427 562 32)
3(915 108 1050)
3(428 563 13)
3(916 89 1051)
3(268 562 427)
3(756 915 1050)
3(269 563 428)
3(757 916 1051)
3(237 506 404)
3(725 892 994)
3(239 507 405)
3(727 893 995)
3(395 577 295)
3(883 783 1065)
3(396 576 296)
3(884 784 1064)
3(397 579 297)
3(885 785 1067)
3(398 578 298)
3(886 786 1066)
3(238 514 414)
3(726 902 1002)
3(240 515 415)
3(728 903 1003)
3(176 630 476)
3(664 964 1118)
3(417 497 213)
3(905 701 985)
3(418 498 214)
3(906 702 986)
3(419 499 215)
3(907 703 987)
3(420 500 216)
3(908 704 988)
3(241 465 464)
3(729 952 953)
3(464 465 273)
3(952 761 953)
3(242 467 466)
3(730 954 955)
3(466 467 275)
3(954 763 955)
3(468 469 243)
3(956 731 957)
3(274 469 468)
3(762 956 957)
3(406 631 266)
3(894 754 1119)
3(407 632 267)
3(895 755 1120)
3(408 633 268)
3(896 756 1121)
3(409 634 269)
3(897 757 1122)
3(177 516 406)
3(665 894 1004)
3(178 517 407)
3(666 895 1005)
3(179 518 408)
3(667 896 1006)
3(180 519 409)
3(668 897 1007)
3(394 559 257)
3(882 745 1047)
3(330 528 481)
3(818 969 1016)
3(332 530 482)
3(820 970 1018)
3(331 529 483)
3(819 971 1017)
3(333 531 484)
3(821 972 1019)
3(444 584 322)
3(932 810 1072)
3(445 585 323)
3(933 811 1073)
3(262 623 509)
3(750 997 1111)
3(263 624 510)
3(751 998 1112)
3(264 625 511)
3(752 999 1113)
3(265 626 512)
3(753 1000 1114)
3(185 627 429)
3(673 917 1115)
3(51 560 52)
3(127 128 1048)
3(70 561 71)
3(146 147 1049)
3(32 562 33)
3(108 109 1050)
3(13 563 14)
3(89 90 1051)
3(272 461 460)
3(760 948 949)
3(55 574 56)
3(131 132 1062)
3(74 575 75)
3(150 151 1063)
3(36 572 37)
3(112 113 1060)
3(17 573 18)
3(93 94 1061)
3(430 487 235)
3(918 723 975)
3(431 488 236)
3(919 724 976)
3(460 461 244)
3(948 732 949)
3(271 587 438)
3(759 926 1075)
3(438 587 175)
3(926 663 1075)
3(75 575 411)
3(151 899 1063)
3(56 574 410)
3(132 898 1062)
3(18 573 413)
3(94 901 1061)
3(37 572 412)
3(113 900 1060)
3(336 568 400)
3(824 888 1056)
3(337 569 401)
3(825 889 1057)
3(338 570 402)
3(826 890 1058)
3(339 571 403)
3(827 891 1059)
3(401 610 174)
3(889 662 1098)
3(459 586 270)
3(947 758 1074)
3(262 580 446)
3(750 934 1068)
3(263 581 447)
3(751 935 1069)
3(264 582 448)
3(752 936 1070)
3(265 583 449)
3(753 937 1071)
3(458 505 232)
3(946 720 993)
3(266 605 406)
3(754 894 1093)
3(267 606 407)
3(755 895 1094)
3(268 607 408)
3(756 896 1095)
3(269 608 409)
3(757 897 1096)
3(189 644 555)
3(677 1043 1132)
3(190 645 556)
3(678 1044 1133)
3(192 647 558)
3(680 1046 1135)
3(277 505 458)
3(765 946 993)
3(520 572 36)
3(1008 112 1060)
3(521 573 17)
3(1009 93 1061)
3(280 572 520)
3(768 1008 1060)
3(281 573 521)
3(769 1009 1061)
3(523 575 74)
3(1011 150 1063)
3(522 574 55)
3(1010 131 1062)
3(278 574 522)
3(766 1010 1062)
3(279 575 523)
3(767 1011 1063)
3(555 644 326)
3(1043 814 1132)
3(556 645 327)
3(1044 815 1133)
3(558 647 329)
3(1046 817 1135)
3(287 580 524)
3(775 1012 1068)
3(288 581 525)
3(776 1013 1069)
3(289 582 526)
3(777 1014 1070)
3(290 583 527)
3(778 1015 1071)
3(187 628 437)
3(675 925 1116)
3(421 619 273)
3(909 761 1107)
3(422 620 274)
3(910 762 1108)
3(423 621 275)
3(911 763 1109)
3(424 622 276)
3(912 764 1110)
3(52 560 432)
3(128 920 1048)
3(71 561 433)
3(147 921 1049)
3(33 562 434)
3(109 922 1050)
3(14 563 435)
3(90 923 1051)
3(432 560 266)
3(920 754 1048)
3(433 561 267)
3(921 755 1049)
3(434 562 268)
3(922 756 1050)
3(435 563 269)
3(923 757 1051)
3(557 646 328)
3(1045 816 1134)
3(191 646 557)
3(679 1045 1134)
3(225 629 429)
3(713 917 1117)
3(340 544 477)
3(828 965 1032)
3(341 545 478)
3(829 966 1033)
3(342 546 479)
3(830 967 1034)
3(343 547 480)
3(831 968 1035)
3(436 609 226)
3(924 714 1097)
3(516 631 406)
3(1004 894 1119)
3(517 632 407)
3(1005 895 1120)
3(518 633 408)
3(1006 896 1121)
3(519 634 409)
3(1007 897 1122)
3(462 629 225)
3(950 713 1117)
3(481 528 249)
3(969 737 1016)
3(483 529 250)
3(971 738 1017)
3(482 530 251)
3(970 739 1018)
3(484 531 252)
3(972 740 1019)
3(432 631 245)
3(920 733 1119)
3(433 632 246)
3(921 734 1120)
3(434 633 247)
3(922 735 1121)
3(435 634 248)
3(923 736 1122)
3(266 631 432)
3(754 920 1119)
3(267 632 433)
3(755 921 1120)
3(268 633 434)
3(756 922 1121)
3(269 634 435)
3(757 923 1122)
3(477 544 258)
3(965 746 1032)
3(478 545 259)
3(966 747 1033)
3(479 546 260)
3(967 748 1034)
3(480 547 261)
3(968 749 1035)
3(185 597 465)
3(673 953 1085)
3(465 597 273)
3(953 761 1085)
3(186 598 468)
3(674 956 1086)
3(187 599 467)
3(675 955 1087)
3(468 598 274)
3(956 762 1086)
3(467 599 275)
3(955 763 1087)
3(257 559 476)
3(745 964 1047)
3(476 559 272)
3(964 760 1047)
3(592 600 276)
3(1080 764 1088)
3(461 592 244)
3(949 732 1080)
3(257 630 463)
3(745 951 1118)
3(463 630 277)
3(951 765 1118)
3(328 646 520)
3(816 1008 1134)
3(329 647 521)
3(817 1009 1135)
3(520 646 280)
3(1008 768 1134)
3(521 647 281)
3(1009 769 1135)
3(326 644 522)
3(814 1010 1132)
3(327 645 523)
3(815 1011 1133)
3(522 644 278)
3(1010 766 1132)
3(523 645 279)
3(1011 767 1133)
3(161 623 446)
3(649 934 1111)
3(162 624 447)
3(650 935 1112)
3(163 625 448)
3(651 936 1113)
3(164 626 449)
3(652 937 1114)
3(244 592 470)
3(732 958 1080)
3(464 619 165)
3(952 653 1107)
3(273 619 464)
3(761 952 1107)
3(274 620 469)
3(762 957 1108)
3(469 620 167)
3(957 655 1108)
3(466 621 166)
3(954 654 1109)
3(275 621 466)
3(763 954 1109)
3(276 622 470)
3(764 958 1110)
3(470 622 168)
3(958 656 1110)
3(508 587 309)
3(996 797 1075)
3(165 619 551)
3(653 1039 1107)
3(166 621 552)
3(654 1040 1109)
3(167 620 553)
3(655 1041 1108)
3(168 622 554)
3(656 1042 1110)
3(470 592 276)
3(958 764 1080)
3(509 623 299)
3(997 787 1111)
3(510 624 300)
3(998 788 1112)
3(511 625 301)
3(999 789 1113)
3(512 626 302)
3(1000 790 1114)
3(175 587 508)
3(663 996 1075)
3(39 611 473)
3(115 961 1099)
3(20 612 474)
3(96 962 1100)
3(58 613 471)
3(134 959 1101)
3(77 614 472)
3(153 960 1102)
3(524 580 262)
3(1012 750 1068)
3(525 581 263)
3(1013 751 1069)
3(526 582 264)
3(1014 752 1070)
3(527 583 265)
3(1015 753 1071)
3(465 627 185)
3(953 673 1115)
3(467 628 187)
3(955 675 1116)
3(476 630 257)
3(964 745 1118)
3(174 610 586)
3(662 1074 1098)
3(245 631 516)
3(733 1004 1119)
3(246 632 517)
3(734 1005 1120)
3(247 633 518)
3(735 1006 1121)
3(248 634 519)
3(736 1007 1122)
3(586 610 282)
3(1074 770 1098)
4(11 12 88 87)
4(22 23 99 98)
4(21 22 98 97)
4(9 10 86 85)
4(24 25 101 100)
4(18 19 95 94)
4(14 15 91 90)
4(15 16 92 91)
4(8 9 85 84)
4(25 26 102 101)
4(12 13 89 88)
4(10 11 87 86)
4(23 24 100 99)
4(20 21 97 96)
4(19 20 96 95)
4(16 17 93 92)
4(26 1 5 102)
4(0 8 84 4)
4(13 14 90 89)
4(17 18 94 93)
4(30 31 107 106)
4(41 42 118 117)
4(40 41 117 116)
4(28 29 105 104)
4(43 44 120 119)
4(37 38 114 113)
4(33 34 110 109)
4(34 35 111 110)
4(27 28 104 103)
4(44 45 121 120)
4(31 32 108 107)
4(29 30 106 105)
4(42 43 119 118)
4(39 40 116 115)
4(38 39 115 114)
4(35 36 112 111)
4(1 27 103 5)
4(45 2 6 121)
4(32 33 109 108)
4(36 37 113 112)
4(49 50 126 125)
4(60 61 137 136)
4(59 60 136 135)
4(47 48 124 123)
4(62 63 139 138)
4(56 57 133 132)
4(52 53 129 128)
4(53 54 130 129)
4(46 47 123 122)
4(63 64 140 139)
4(50 51 127 126)
4(48 49 125 124)
4(61 62 138 137)
4(58 59 135 134)
4(57 58 134 133)
4(54 55 131 130)
4(2 46 122 6)
4(64 3 7 140)
4(51 52 128 127)
4(55 56 132 131)
4(68 69 145 144)
4(79 80 156 155)
4(78 79 155 154)
4(66 67 143 142)
4(81 82 158 157)
4(75 76 152 151)
4(71 72 148 147)
4(72 73 149 148)
4(65 66 142 141)
4(82 83 159 158)
4(69 70 146 145)
4(67 68 144 143)
4(80 81 157 156)
4(77 78 154 153)
4(76 77 153 152)
4(73 74 150 149)
4(83 0 4 159)
4(3 65 141 7)
4(70 71 147 146)
4(74 75 151 150)
)


// ************************************************************************* //
