/*--------------------------------*- C++ -*----------------------------------*\
| =========                 |                                                 |
| \\      /  F ield         | OpenFOAM: The Open Source CFD Toolbox           |
|  \\    /   O peration     | Version:  2312                                  |
|   \\  /    A nd           | Website:  www.openfoam.com                      |
|    \\/     M anipulation  |                                                 |
\*---------------------------------------------------------------------------*/
FoamFile
{
    version     2.0;
    format      ascii;
    arch        "LSB;label=32;scalar=64";
    note        "nPoints:1136  nCells:1054  nFaces:3729  nInternalFaces:1541";
    class       labelList;
    location    "constant/polyMesh";
    object      neighbour;
}
// * * * * * * * * * * * * * * * * * * * * * * * * * * * * * * * * * * * * * //


1541
(
38
100
994
39
101
997
40
103
998
41
102
1001
5
335
418
181
416
7
350
420
183
417
46
157
271
47
158
272
48
273
481
49
274
483
26
108
752
27
109
753
24
110
750
25
111
751
28
112
754
29
113
755
30
114
756
31
115
757
54
246
622
55
247
623
56
248
624
57
249
625
271
272
273
274
32
33
34
35
68
80
69
81
66
82
67
83
58
223
541
59
224
542
430
952
432
953
431
954
433
955
62
261
505
63
260
504
71
258
506
70
259
507
359
605
360
606
361
607
362
608
136
179
372
137
177
371
138
180
374
139
178
373
318
638
319
639
320
640
321
641
658
794
659
795
64
491
660
65
490
661
202
867
201
866
445
734
446
735
212
507
211
505
214
506
213
504
224
861
223
860
185
275
423
186
276
422
187
277
425
188
278
424
130
277
637
131
278
635
132
275
636
133
276
634
677
678
679
680
144
556
145
557
146
546
147
547
148
553
149
555
150
552
151
554
96
796
871
98
797
869
97
798
872
99
799
870
177
803
179
805
178
802
180
804
255
748
254
674
256
676
257
675
116
401
626
117
402
627
118
403
518
119
285
404
482
558
484
559
159
577
160
578
502
549
500
551
503
548
501
550
609
614
610
615
611
616
612
617
254
322
655
255
323
657
256
324
656
257
325
563
239
254
353
240
255
354
241
256
357
242
257
358
134
348
966
243
244
583
743
869
744
870
745
871
746
872
135
439
597
613
527
978
526
977
529
980
528
979
162
223
587
164
224
588
166
201
589
168
202
590
233
388
236
389
231
390
232
391
234
392
235
393
237
394
238
395
313
337
651
312
341
648
315
340
654
314
343
652
245
263
416
159
496
160
498
724
725
162
331
345
519
164
332
344
520
166
333
347
445
168
334
346
446
173
193
231
171
189
233
191
235
176
194
232
192
234
175
190
236
195
238
196
237
275
277
276
278
375
807
376
808
818
377
809
378
810
851
916
915
914
913
294
388
295
389
296
393
298
392
299
390
301
391
297
395
300
394
387
536
591
386
537
593
385
538
545
384
539
595
491
490
250
326
331
251
327
332
252
328
333
253
329
334
318
719
762
319
720
763
320
721
764
321
722
765
515
666
513
665
514
664
512
663
227
336
862
228
338
863
229
339
864
230
342
865
279
457
883
280
458
884
281
459
885
282
460
886
226
405
995
473
877
353
435
354
436
357
437
358
438
601
602
308
302
524
309
303
525
812
862
811
863
814
864
813
865
311
349
540
1000
405
667
467
1027
468
1028
469
1029
470
1030
359
457
360
458
361
459
362
460
397
461
399
462
398
463
400
464
439
474
523
310
335
265
669
922
440
570
267
747
898
434
560
465
481
521
466
483
522
570
662
840
532
533
534
535
408
947
409
948
410
949
411
950
383
560
1053
285
421
801
910
412
956
413
957
414
958
415
959
345
379
705
344
380
706
347
381
707
346
382
708
296
833
297
834
832
831
299
836
835
301
837
838
304
658
306
659
541
549
308
558
734
542
548
309
559
735
660
661
523
971
406
417
811
863
812
862
813
865
814
864
317
841
935
562
951
447
449
451
453
375
766
376
767
377
768
378
769
643
947
644
948
645
949
646
950
564
742
868
497
499
465
466
613
337
508
566
341
509
340
510
567
568
343
511
569
588
587
590
589
471
898
350
584
912
353
670
766
354
671
767
357
672
768
358
673
769
496
498
465
466
364
682
786
441
894
366
683
788
442
895
368
685
790
443
896
370
687
792
444
897
423
771
422
770
425
772
424
773
758
759
760
761
618
643
619
644
620
645
621
646
829
922
415
414
413
412
434
657
818
508
512
510
514
509
513
511
515
426
873
427
875
428
877
429
1017
806
565
668
440
815
840
441
689
442
690
443
691
444
692
842
843
844
845
655
656
628
917
629
918
921
517
919
742
920
781
780
778
779
622
1018
623
1022
624
1021
625
1025
571
811
573
813
572
812
574
814
1053
670
705
671
706
672
707
673
708
723
830
1041
1042
1043
1044
521
522
448
693
638
701
450
694
639
702
452
699
640
703
454
696
641
704
456
806
1026
819
911
928
929
930
931
579
587
580
588
581
589
582
590
477
762
478
763
479
764
480
765
599
717
600
662
718
518
1026
543
749
489
736
850
570
598
839
710
797
712
799
709
796
711
798
482
908
484
909
492
630
883
493
631
884
494
632
885
495
633
886
543
817
531
530
689
701
690
702
691
703
692
704
497
892
499
893
504
866
505
867
506
860
507
861
579
580
581
582
888
889
890
891
584
817
911
518
1036
794
892
795
893
908
909
613
603
784
604
785
566
803
567
805
568
802
569
804
728
866
729
867
852
853
856
857
820
1009
821
1010
822
1005
823
1006
565
903
860
861
561
545
695
844
964
575
750
576
751
552
553
554
604
555
603
756
754
757
755
558
752
559
753
966
642
723
563
675
927
935
1004
828
888
890
889
891
647
710
650
709
649
712
653
711
577
601
578
602
782
783
705
706
707
708
850
887
850
724
782
794
725
783
795
592
944
697
842
594
945
698
843
596
946
700
845
599
628
600
629
626
627
726
727
728
729
854
928
855
929
858
930
859
931
682
967
683
968
685
969
687
970
786
917
788
918
790
919
792
920
670
1013
671
1014
672
1015
673
1016
967
968
969
970
628
629
697
1049
698
1050
695
1051
700
1052
915
939
913
943
916
938
914
942
989
990
991
992
669
830
923
924
925
926
648
797
802
652
799
651
796
803
804
654
798
805
667
668
748
726
727
784
785
951
713
977
714
978
715
979
716
980
674
676
829
995
996
816
713
774
714
775
715
776
716
777
682
730
989
684
731
990
686
732
991
688
733
992
730
731
732
733
697
932
698
933
699
700
934
965
730
731
732
733
824
825
826
827
771
770
772
773
873
1045
875
1046
743
932
744
933
745
965
746
934
976
892
893
782
783
784
785
908
909
737
830
815
887
758
766
1013
759
767
1014
760
768
1015
761
769
1016
851
1011
1012
1007
1008
748
993
819
971
1032
1033
1034
1035
869
870
871
872
1038
1037
1039
1040
1037
1038
1039
1040
1040
1039
1037
1038
787
807
1032
789
808
1033
791
809
1034
793
810
1035
801
903
1000
868
971
917
918
919
920
1003
828
1001
819
921
941
940
936
937
953
1029
952
1027
955
1030
954
1028
1002
976
834
833
836
838
922
1048
841
1004
981
982
983
984
894
923
1013
895
924
1014
896
925
1015
897
926
1016
927
854
899
855
900
960
961
858
901
859
902
962
963
1047
874
994
1019
876
998
1023
878
997
1020
928
972
985
929
973
986
930
974
987
931
975
988
972
973
974
975
999
977
979
978
980
1032
1033
1034
1035
1045
956
957
958
959
910
914
941
913
940
916
936
915
937
1002
912
1036
1048
1041
1042
1043
1044
935
944
945
946
938
939
1007
1008
943
942
1011
1012
1009
1010
1006
1041
1042
1043
1044
1046
1019
1020
1023
1024
960
961
962
963
985
986
987
988
965
1005
976
989
990
991
992
1049
1050
1051
1052
985
1049
986
1050
987
1051
988
1052
994
1045
997
998
1046
1000
1047
1031
1017
1004
1047
1007
1008
1011
1012
1031
1019
1027
1021
1029
1023
1028
1025
1031
1030
1036
1053
)


// ************************************************************************* //
