/*--------------------------------*- C++ -*----------------------------------*\
| =========                 |                                                 |
| \\      /  F ield         | OpenFOAM: The Open Source CFD Toolbox           |
|  \\    /   O peration     | Version:  2312                                  |
|   \\  /    A nd           | Website:  www.openfoam.com                      |
|    \\/     M anipulation  |                                                 |
\*---------------------------------------------------------------------------*/
FoamFile
{
    version     2.0;
    format      ascii;
    arch        "LSB;label=32;scalar=64";
    class       vectorField;
    location    "constant/polyMesh";
    object      points;
}
// * * * * * * * * * * * * * * * * * * * * * * * * * * * * * * * * * * * * * //


1136
(
(0 0 0)
(1 0 0)
(1 1 0)
(0 1 0)
(0 0 0.01)
(1 0 0.01)
(1 1 0.01)
(0 1 0.01)
(0.05 0 0)
(0.1 0 0)
(0.15 0 0)
(0.2 0 0)
(0.25 0 0)
(0.3 0 0)
(0.35 0 0)
(0.4 0 0)
(0.45 0 0)
(0.5 0 0)
(0.55 0 0)
(0.6 0 0)
(0.65 0 0)
(0.7 0 0)
(0.75 0 0)
(0.8 0 0)
(0.85 0 0)
(0.9 0 0)
(0.95 0 0)
(1 0.05 0)
(1 0.1 0)
(1 0.15 0)
(1 0.2 0)
(1 0.25 0)
(1 0.3 0)
(1 0.35 0)
(1 0.4 0)
(1 0.45 0)
(1 0.5 0)
(1 0.55 0)
(1 0.6 0)
(1 0.65 0)
(1 0.7 0)
(1 0.75 0)
(1 0.8 0)
(1 0.85 0)
(1 0.9 0)
(1 0.95 0)
(0.95 1 0)
(0.9 1 0)
(0.85 1 0)
(0.8 1 0)
(0.75 1 0)
(0.7 1 0)
(0.65 1 0)
(0.6 1 0)
(0.55 1 0)
(0.5 1 0)
(0.45 1 0)
(0.4 1 0)
(0.35 1 0)
(0.3 1 0)
(0.25 1 0)
(0.2 1 0)
(0.15 1 0)
(0.1 1 0)
(0.05 1 0)
(0 0.95 0)
(0 0.9 0)
(0 0.85 0)
(0 0.8 0)
(0 0.75 0)
(0 0.7 0)
(0 0.65 0)
(0 0.6 0)
(0 0.55 0)
(0 0.5 0)
(0 0.45 0)
(0 0.4 0)
(0 0.35 0)
(0 0.3 0)
(0 0.25 0)
(0 0.2 0)
(0 0.15 0)
(0 0.1 0)
(0 0.05 0)
(0.05 0 0.01)
(0.1 0 0.01)
(0.15 0 0.01)
(0.2 0 0.01)
(0.25 0 0.01)
(0.3 0 0.01)
(0.35 0 0.01)
(0.4 0 0.01)
(0.45 0 0.01)
(0.5 0 0.01)
(0.55 0 0.01)
(0.6 0 0.01)
(0.65 0 0.01)
(0.7 0 0.01)
(0.75 0 0.01)
(0.8 0 0.01)
(0.85 0 0.01)
(0.9 0 0.01)
(0.95 0 0.01)
(1 0.05 0.01)
(1 0.1 0.01)
(1 0.15 0.01)
(1 0.2 0.01)
(1 0.25 0.01)
(1 0.3 0.01)
(1 0.35 0.01)
(1 0.4 0.01)
(1 0.45 0.01)
(1 0.5 0.01)
(1 0.55 0.01)
(1 0.6 0.01)
(1 0.65 0.01)
(1 0.7 0.01)
(1 0.75 0.01)
(1 0.8 0.01)
(1 0.85 0.01)
(1 0.9 0.01)
(1 0.95 0.01)
(0.95 1 0.01)
(0.9 1 0.01)
(0.85 1 0.01)
(0.8 1 0.01)
(0.75 1 0.01)
(0.7 1 0.01)
(0.65 1 0.01)
(0.6 1 0.01)
(0.55 1 0.01)
(0.5 1 0.01)
(0.45 1 0.01)
(0.4 1 0.01)
(0.35 1 0.01)
(0.3 1 0.01)
(0.25 1 0.01)
(0.2 1 0.01)
(0.15 1 0.01)
(0.1 1 0.01)
(0.05 1 0.01)
(0 0.95 0.01)
(0 0.9 0.01)
(0 0.85 0.01)
(0 0.8 0.01)
(0 0.75 0.01)
(0 0.7 0.01)
(0 0.65 0.01)
(0 0.6 0.01)
(0 0.55 0.01)
(0 0.5 0.01)
(0 0.45 0.01)
(0 0.4 0.01)
(0 0.35 0.01)
(0 0.3 0.01)
(0 0.25 0.01)
(0 0.2 0.01)
(0 0.15 0.01)
(0 0.1 0.01)
(0 0.05 0.01)
(0.5033399805 0.5011971579 0)
(0.7071428571 0.7071428571 0)
(0.2928571429 0.7071428571 0)
(0.7071428571 0.2928571429 0)
(0.2928571429 0.2928571429 0)
(0.5 0.7803135889 0)
(0.2196864111 0.5 0)
(0.7803135889 0.5 0)
(0.5 0.2196864111 0)
(0.8289812646 0.8289812646 0)
(0.1710187354 0.8289812646 0)
(0.8319978061 0.1690131601 0)
(0.1690131601 0.1680021939 0)
(0.565665156 0.6367046497 0)
(0.3598432056 0.5669860627 0)
(0.6401567944 0.4330139373 0)
(0.4330139373 0.3598432056 0)
(0.6398786011 0.8471536174 0)
(0.1528463826 0.6398786011 0)
(0.8471536174 0.3601213989 0)
(0.3601213989 0.1528463826 0)
(0.8459852991 0.6396925152 0)
(0.3603074848 0.8459852991 0)
(0.6396925152 0.1540147009 0)
(0.1540147009 0.3603074848 0)
(0.4434591736 0.6664164062 0)
(0.6661733647 0.5586987495 0)
(0.3338266353 0.4413012505 0)
(0.5586987495 0.3338266353 0)
(0.5343214235 0.8856319385 0)
(0.1143680615 0.5343214235 0)
(0.8856105906 0.4657276196 0)
(0.4656785765 0.1143680615 0)
(0.7419880486 0.9089271872 0)
(0.0910728128 0.7419880486 0)
(0.8958600093 0.257146195 0)
(0.257146195 0.1041399907 0)
(0.8894906209 0.7369458544 0)
(0.736882464 0.1104775404 0)
(0.2630541456 0.8894906209 0)
(0.1104775404 0.263117536 0)
(0.5981953737 0.7438096602 0)
(0.2561903398 0.5981953737 0)
(0.7438096602 0.4018046263 0)
(0.4018046263 0.2561903398 0)
(0.7456598268 0.6116241422 0)
(0.3883758578 0.7456598268 0)
(0.6116241422 0.2543401732 0)
(0.2543401732 0.3883758578 0)
(0.9004503972 0.9020090424 0)
(0.9008275853 0.09807684568 0)
(0.09799095765 0.9004503972 0)
(0.09807684568 0.09917241473 0)
(0.43590674 0.9028990204 0)
(0.09710097958 0.43590674 0)
(0.9028990204 0.56409326 0)
(0.56409326 0.09710097958 0)
(0.7398280348 0.796296087 0)
(0.203703913 0.7398280348 0)
(0.796296087 0.2601719652 0)
(0.2601719652 0.203703913 0)
(0.7948432313 0.7160954194 0)
(0.2839045806 0.7948432313 0)
(0.7160954194 0.2051567687 0)
(0.2051567687 0.2839045806 0)
(0.4918910132 0.5902433119 0)
(0.5679292477 0.5496584425 0)
(0.4100959807 0.4908393575 0)
(0.5490159137 0.4230652353 0)
(0.6519524273 0.6424993192 0)
(0.3575006808 0.6519524273 0)
(0.6424993192 0.3480475727 0)
(0.3480475727 0.3575006808 0)
(0.8170957409 0.9131869608 0)
(0.08681303919 0.8170957409 0)
(0.9183880259 0.1817259029 0)
(0.1817259029 0.08161197406 0)
(0.9183880259 0.8182740971 0)
(0.8211813651 0.08287507657 0)
(0.1817259029 0.9183880259 0)
(0.08287507657 0.1788186349 0)
(0.5148430472 0.6970723395 0)
(0.3029276605 0.5148430472 0)
(0.7001511907 0.4848191499 0)
(0.4837887123 0.2974517783 0)
(0.6093837136 0.9184748968 0)
(0.08152510316 0.6093837136 0)
(0.9189012345 0.3909474273 0)
(0.3906162864 0.08152510316 0)
(0.9267032118 0.6577304291 0)
(0.6577304291 0.07329678816 0)
(0.3422695709 0.9267032118 0)
(0.07329678816 0.3422695709 0)
(0.4308711726 0.8215422552 0)
(0.8215422552 0.5691288274 0)
(0.1784577448 0.4308711726 0)
(0.5691288274 0.1784577448 0)
(0.4610242571 0.4325419913 0)
(0.5675926399 0.8179431903 0)
(0.1820568097 0.5675926399 0)
(0.8179431903 0.4324073601 0)
(0.4324073601 0.1820568097 0)
(0.6682031602 0.777698006 0)
(0.222301994 0.6682031602 0)
(0.777698006 0.3317968398 0)
(0.3317968398 0.222301994 0)
(0.6775726881 0.9310620666 0)
(0.06893793344 0.6775726881 0)
(0.9310620666 0.3224273119 0)
(0.3224273119 0.06893793344 0)
(0.435653396 0.5515938436 0)
(0.5842036345 0.4795331505 0)
(0.498543416 0.3707591477 0)
(0.4465321259 0.7377718003 0)
(0.7377718003 0.5534678741 0)
(0.2622281997 0.4465321259 0)
(0.5528737852 0.2607974076 0)
(0.3941988668 0.4191222524 0)
(0.4866977706 0.9351066682 0)
(0.0648933318 0.4866977706 0)
(0.9351066682 0.5133022294 0)
(0.5133022294 0.0648933318 0)
(0.4068115942 0.615393841 0)
(0.4977172706 0.839986858 0)
(0.160013142 0.4977172706 0)
(0.8399857466 0.5022852827 0)
(0.5022827294 0.160013142 0)
(0.6985907909 0.8431728094 0)
(0.1568271906 0.6985907909 0)
(0.8431728094 0.3014092091 0)
(0.3014092091 0.1568271906 0)
(0.8399087899 0.7710607098 0)
(0.2289392902 0.8399087899 0)
(0.7721632509 0.1589969516 0)
(0.1589969516 0.2278367491 0)
(0.7590505876 0.6756399137 0)
(0.3243600863 0.7590505876 0)
(0.6756399137 0.2409494124 0)
(0.2409494124 0.3243600863 0)
(0.6451856454 0.6960156333 0)
(0.3039843667 0.6451856454 0)
(0.6960156333 0.3548143546 0)
(0.3548143546 0.3039843667 0)
(0.6123348939 0.6084674 0)
(0.6012239053 0.3909780107 0)
(0.9394694856 0.6048537357 0)
(0.6048537357 0.06053051438 0)
(0.3951462643 0.9394694856 0)
(0.06053051438 0.3951462643 0)
(0.6467109705 0.5053327791 0)
(0.9415664749 0.05843352511 0)
(0.05843352511 0.05843352511 0)
(0.9415664749 0.9415664749 0)
(0.05843352511 0.9415664749 0)
(0.7768897712 0.9470619986 0)
(0.05293800142 0.7768897712 0)
(0.9446562253 0.2316746033 0)
(0.2316746033 0.0553437747 0)
(0.9442075112 0.7677735618 0)
(0.7654341916 0.05645222871 0)
(0.2322264382 0.9442075112 0)
(0.05645222871 0.2345658084 0)
(0.7828491226 0.8374630805 0)
(0.1625369195 0.7828491226 0)
(0.8453405318 0.2262639406 0)
(0.2262639406 0.1546594682 0)
(0.5530720499 0.9481981224 0)
(0.05180187765 0.5530720499 0)
(0.9481278282 0.447089439 0)
(0.4469279501 0.05180187765 0)
(0.8506564221 0.6943782523 0)
(0.6943691965 0.1493390295 0)
(0.3056217477 0.8506564221 0)
(0.1493390295 0.3056308035 0)
(0.5117247186 0.6401577127 0)
(0.3581565174 0.5111344045 0)
(0.5705118262 0.6966865202 0)
(0.3042974068 0.5691390515 0)
(0.695957876 0.4307100016 0)
(0.430594868 0.3039597342 0)
(0.5446550233 0.7471798304 0)
(0.2528713944 0.5445835543 0)
(0.7473021861 0.4553910005 0)
(0.4553313602 0.2525687312 0)
(0.8687933849 0.9488410613 0)
(0.05115893871 0.8687933849 0)
(0.9476421361 0.1348859049 0)
(0.1348859049 0.05235786387 0)
(0.9475882521 0.8651263648 0)
(0.8673312154 0.05271618979 0)
(0.1348736352 0.9475882521 0)
(0.05271618979 0.1326687846 0)
(0.6883028345 0.6061109156 0)
(0.3846930779 0.6932206723 0)
(0.6061109156 0.3116971655 0)
(0.3127914046 0.3939145954 0)
(0.5865185706 0.869582351 0)
(0.130417649 0.5865185706 0)
(0.869582351 0.4134814294 0)
(0.4134814294 0.130417649 0)
(0.7482823683 0.7414632832 0)
(0.2585367168 0.7482823683 0)
(0.7414632832 0.2517176317 0)
(0.2517176317 0.2585367168 0)
(0.6189776109 0.7952905585 0)
(0.2047094415 0.6189776109 0)
(0.7952905585 0.3810223891 0)
(0.3810223891 0.2047094415 0)
(0.9463595285 0.7120924796 0)
(0.7117492281 0.05373017169 0)
(0.2879075204 0.9463595285 0)
(0.05373017169 0.2882507719 0)
(0.8517485358 0.8770523403 0)
(0.1229476597 0.8517485358 0)
(0.8517485358 0.1229476597 0)
(0.1229476597 0.1482514642 0)
(0.5228646648 0.5478403715 0)
(0.3854387898 0.8036559105 0)
(0.8036559105 0.6145612102 0)
(0.1963440895 0.3854387898 0)
(0.6145612102 0.1963440895 0)
(0.7942248942 0.7964092523 0)
(0.2035907477 0.7942248942 0)
(0.800274821 0.2059672114 0)
(0.2059672114 0.199725179 0)
(0.7104530651 0.6592066399 0)
(0.3411985389 0.711047576 0)
(0.6592066399 0.2895469349 0)
(0.289658592 0.3407959633 0)
(0.3783919092 0.8906467969 0)
(0.8906467969 0.6216080908 0)
(0.1093532031 0.3783919092 0)
(0.6216080908 0.1093532031 0)
(0.5395067819 0.591749997 0)
(0.5075375821 0.4506562874 0)
(0.8061719495 0.6660699955 0)
(0.3339300045 0.8061719495 0)
(0.6660689174 0.193827509 0)
(0.193827509 0.3339310826 0)
(0.45293657 0.514948323 0)
(0.6087911281 0.6659242231 0)
(0.3319515276 0.6078489845 0)
(0.6634694225 0.3915308108 0)
(0.3912088719 0.3340757769 0)
(0.8766029736 0.8104127897 0)
(0.1895872103 0.8766029736 0)
(0.6659938193 0.8881835029 0)
(0.1118164971 0.6659938193 0)
(0.8881835029 0.3340061807 0)
(0.3340061807 0.1118164971 0)
(0.4400611118 0.9563871963 0)
(0.04361280366 0.4400611118 0)
(0.9563871963 0.5599388882 0)
(0.5599388882 0.04361280366 0)
(0.8110316677 0.1258751771 0)
(0.1258751771 0.1889683323 0)
(0.5533183431 0.5102716953 0)
(0.4875806971 0.8908007254 0)
(0.1091992746 0.4875806971 0)
(0.8907980517 0.5124254453 0)
(0.5124193029 0.1091992746 0)
(0.4314990845 0.7807384426 0)
(0.7807384426 0.5685009155 0)
(0.2192615574 0.4314990845 0)
(0.5684019007 0.219023092 0)
(0.7178917527 0.9513670825 0)
(0.04863291749 0.7178917527 0)
(0.9491566609 0.2832080499 0)
(0.2832080499 0.05084333908 0)
(0.4552027851 0.6273889709 0)
(0.8735579335 0.1892201105 0)
(0.1892201105 0.1264420665 0)
(0.6375375691 0.9557816334 0)
(0.04421836661 0.6375375691 0)
(0.9558127076 0.3624865665 0)
(0.3624624309 0.04421836661 0)
(0.6168988909 0.5606875131 0)
(0.3770238607 0.4581941756 0)
(0.5926570711 0.439610941 0)
(0.5471563549 0.3782901603 0)
(0.8900252978 0.8533282374 0)
(0.1466717626 0.8900252978 0)
(0.8894329118 0.1471707643 0)
(0.1471707643 0.1105670882 0)
(0.7802043079 0.887683072 0)
(0.112316928 0.7802043079 0)
(0.7065183471 0.7563393771 0)
(0.2436606229 0.7065183471 0)
(0.7563393771 0.2934816529 0)
(0.2934816529 0.2436606229 0)
(0.8277678153 0.9536747191 0)
(0.04632528091 0.8277678153 0)
(0.9627459564 0.175 0)
(0.175 0.0372540436 0)
(0.9627459564 0.825 0)
(0.825 0.0372540436 0)
(0.175 0.9627459564 0)
(0.0372540436 0.175 0)
(0.3551098842 0.4031491827 0)
(0.3998278955 0.5346276221 0)
(0.4725321174 0.3408171083 0)
(0.514915074 0.3326740077 0)
(0.4797477386 0.5487272683 0)
(0.4234034234 0.4476213187 0)
(0.4905449166 0.7376313208 0)
(0.4671516632 0.700203533 0)
(0.2623772167 0.4905330051 0)
(0.2998383968 0.4667900241 0)
(0.6963684579 0.5284581739 0)
(0.7381514235 0.5069705007 0)
(0.5073768859 0.261300964 0)
(0.3289462418 0.9677970183 0)
(0.03222092177 0.3290148921 0)
(0.9677970183 0.6710537582 0)
(0.6709851079 0.03222092177 0)
(0.4615271435 0.4734435941 0)
(0.4654321113 0.3878842354 0)
(0.5757814878 0.7775220843 0)
(0.2224816493 0.5757762787 0)
(0.7775310023 0.4242218667 0)
(0.4242175197 0.2224595893 0)
(0.8828817012 0.662634445 0)
(0.337365555 0.8828817012 0)
(0.6626326339 0.1171173891 0)
(0.1171173891 0.3373673661 0)
(0.6498655699 0.5968931946 0)
(0.5966281703 0.3486620069 0)
(0.8955605452 0.2172061505 0)
(0.2172061505 0.1044394548 0)
(0.5396349076 0.8440812376 0)
(0.1559187624 0.5396349076 0)
(0.8440796007 0.460368853 0)
(0.4603650924 0.1559187624 0)
(0.5931441817 0.9588601227 0)
(0.04113987731 0.5931441817 0)
(0.9588601227 0.4068558183 0)
(0.4068558183 0.04113987731 0)
(0.4535389158 0.8555152338 0)
(0.1444847662 0.4535389158 0)
(0.8555147832 0.5464621194 0)
(0.5464610842 0.1444847662 0)
(0.404679204 0.8513743848 0)
(0.8513743465 0.595320884 0)
(0.1486256152 0.404679204 0)
(0.595320796 0.1486256152 0)
(0.3922698533 0.3806811949 0)
(0.9041449437 0.7786886067 0)
(0.2213113933 0.9041449437 0)
(0.6634121103 0.4663458374 0)
(0.6420376302 0.7431680047 0)
(0.2568319953 0.6420376302 0)
(0.7431680047 0.3579623698 0)
(0.3579623698 0.2568319953 0)
(0.5477059287 0.4667640888 0)
(0.7792595116 0.09969477121 0)
(0.09969477121 0.2207404884 0)
(0.6306127405 0.8866271179 0)
(0.1133728821 0.6306127405 0)
(0.8866493137 0.3694044993 0)
(0.3693872595 0.1133728821 0)
(0.962666886 0.4849512454 0)
(0.4849243306 0.03732139828 0)
(0.5150756694 0.9626786017 0)
(0.03732139828 0.5150756694 0)
(0.668211113 0.816616907 0)
(0.183383093 0.668211113 0)
(0.816616907 0.331788887 0)
(0.331788887 0.183383093 0)
(0.8995607195 0.6947581908 0)
(0.6946985467 0.1004467667 0)
(0.3052418092 0.8995607195 0)
(0.1004467667 0.3053014533 0)
(0.9599415415 0.09445785558 0)
(0.9055421444 0.9599415415 0)
(0.09445785558 0.04005845847 0)
(0.04005845847 0.9055421444 0)
(0.9055421444 0.04005845847 0)
(0.9599415415 0.9055421444 0)
(0.04005845847 0.09445785558 0)
(0.09445785558 0.9599415415 0)
(0.6772338699 0.6807913969 0)
(0.3192499479 0.6772945343 0)
(0.6807913969 0.3227661301 0)
(0.3227775236 0.3192088687 0)
(0.5375635549 0.8011711316 0)
(0.1988380282 0.5375507752 0)
(0.8011925525 0.4624457272 0)
(0.4624340103 0.1987839076 0)
(0.5405871966 0.6688941138 0)
(0.3313061976 0.5405256415 0)
(0.4028718405 0.6551722558 0)
(0.4657516335 0.8078694975 0)
(0.1921305025 0.4657516335 0)
(0.8078693115 0.5342487937 0)
(0.5342365791 0.1921021138 0)
(0.5697185663 0.9101738889 0)
(0.08982611114 0.5697185663 0)
(0.9098814806 0.431032795 0)
(0.4302814337 0.08982611114 0)
(0.5047849392 0.4071995096 0)
(0.676600402 0.9676421565 0)
(0.03235784351 0.676600402 0)
(0.967206287 0.3236243857 0)
(0.3236195585 0.03279992783 0)
(0.6032418556 0.8324924293 0)
(0.1675075707 0.6032418556 0)
(0.8324924293 0.3967581444 0)
(0.3967581444 0.1675075707 0)
(0.6083790123 0.7049630071 0)
(0.2950369929 0.6083790123 0)
(0.7049630071 0.3916209877 0)
(0.3916209877 0.2950369929 0)
(0.9705550928 0.525 0)
(0.525 0.02944490716 0)
(0.475 0.9705550928 0)
(0.02944490716 0.475 0)
(0.3580261846 0.7786345686 0)
(0.7786345686 0.6419738154 0)
(0.221365296 0.3580264541 0)
(0.6419735459 0.221365296 0)
(0.6962702892 0.7980246373 0)
(0.2019753627 0.6962702892 0)
(0.7980246373 0.3037297108 0)
(0.3037297108 0.2019753627 0)
(0.81306033 0.8677384967 0)
(0.1322615033 0.81306033 0)
(0.404728073 0.5763106699 0)
(0.6219631617 0.4721800586 0)
(0.7865742315 0.7563930127 0)
(0.2436069873 0.7865742315 0)
(0.7575993909 0.2114633548 0)
(0.2114633548 0.2424006091 0)
(0.5294331356 0.2966813738 0)
(0.8358481022 0.7309557414 0)
(0.7309557414 0.1641518978 0)
(0.2690442586 0.8358481022 0)
(0.1641518978 0.2690442586 0)
(0.4244603323 0.700397549 0)
(0.7020395488 0.5698403951 0)
(0.2979604512 0.4301596049 0)
(0.5703369982 0.2962705563 0)
(0.7411685409 0.8626930415 0)
(0.1373069585 0.7411685409 0)
(0.853898266 0.2631894977 0)
(0.2631894977 0.146101734 0)
(0.7054131852 0.9000402998 0)
(0.09995970023 0.7054131852 0)
(0.9002575008 0.2956981609 0)
(0.2956981609 0.09974249916 0)
(0.5976358388 0.5144455094 0)
(0.371046513 0.6054517075 0)
(0.9665449168 0.6363613839 0)
(0.6363515767 0.03345764604 0)
(0.3636386161 0.9665449168 0)
(0.03345764604 0.3636484233 0)
(0.967630143 0.03236985705 0)
(0.03236985705 0.03236985705 0)
(0.967630143 0.967630143 0)
(0.03045240961 0.9695475904 0)
(0.4662934336 0.767991613 0)
(0.7684297689 0.5331133043 0)
(0.2320092582 0.4662922182 0)
(0.5330705996 0.2312494533 0)
(0.6758272016 0.7276206228 0)
(0.2723828929 0.6758323601 0)
(0.7276206228 0.3241727984 0)
(0.3241737673 0.2723793998 0)
(0.4781605157 0.6645455039 0)
(0.3343546141 0.4784525804 0)
(0.4503320579 0.5843885148 0)
(0.4293140973 0.4062672344 0)
(0.6447678073 0.9175463532 0)
(0.08245364675 0.6447678073 0)
(0.9169813229 0.3555136181 0)
(0.3552321927 0.08245364675 0)
(0.5782418033 0.5871921796 0)
(0.8536570194 0.9145187195 0)
(0.08548128054 0.8536570194 0)
(0.8640800088 0.08954401428 0)
(0.08954401428 0.1359199912 0)
(0.7427431162 0.7072858498 0)
(0.2927141502 0.7427431162 0)
(0.7072858498 0.2572568838 0)
(0.2572568838 0.2927141502 0)
(0.5244110294 0.9220983242 0)
(0.07790167583 0.5244110294 0)
(0.9220319176 0.4757547956 0)
(0.4755889706 0.07790167583 0)
(0.5033399805 0.5011971579 0.01)
(0.7071428571 0.7071428571 0.01)
(0.2928571429 0.7071428571 0.01)
(0.7071428571 0.2928571429 0.01)
(0.2928571429 0.2928571429 0.01)
(0.5 0.7803135889 0.01)
(0.2196864111 0.5 0.01)
(0.7803135889 0.5 0.01)
(0.5 0.2196864111 0.01)
(0.8289812646 0.8289812646 0.01)
(0.1710187354 0.8289812646 0.01)
(0.8319978061 0.1690131601 0.01)
(0.1690131601 0.1680021939 0.01)
(0.565665156 0.6367046497 0.01)
(0.3598432056 0.5669860627 0.01)
(0.6401567944 0.4330139373 0.01)
(0.4330139373 0.3598432056 0.01)
(0.6398786011 0.8471536174 0.01)
(0.1528463826 0.6398786011 0.01)
(0.8471536174 0.3601213989 0.01)
(0.3601213989 0.1528463826 0.01)
(0.8459852991 0.6396925152 0.01)
(0.3603074848 0.8459852991 0.01)
(0.6396925152 0.1540147009 0.01)
(0.1540147009 0.3603074848 0.01)
(0.4434591736 0.6664164062 0.01)
(0.6661733647 0.5586987495 0.01)
(0.3338266353 0.4413012505 0.01)
(0.5586987495 0.3338266353 0.01)
(0.5343214235 0.8856319385 0.01)
(0.1143680615 0.5343214235 0.01)
(0.8856105906 0.4657276196 0.01)
(0.4656785765 0.1143680615 0.01)
(0.7419880486 0.9089271872 0.01)
(0.0910728128 0.7419880486 0.01)
(0.8958600093 0.257146195 0.01)
(0.257146195 0.1041399907 0.01)
(0.8894906209 0.7369458544 0.01)
(0.736882464 0.1104775404 0.01)
(0.2630541456 0.8894906209 0.01)
(0.1104775404 0.263117536 0.01)
(0.5981953737 0.7438096602 0.01)
(0.2561903398 0.5981953737 0.01)
(0.7438096602 0.4018046263 0.01)
(0.4018046263 0.2561903398 0.01)
(0.7456598268 0.6116241422 0.01)
(0.3883758578 0.7456598268 0.01)
(0.6116241422 0.2543401732 0.01)
(0.2543401732 0.3883758578 0.01)
(0.9004503972 0.9020090424 0.01)
(0.9008275853 0.09807684568 0.01)
(0.09799095765 0.9004503972 0.01)
(0.09807684568 0.09917241473 0.01)
(0.43590674 0.9028990204 0.01)
(0.09710097958 0.43590674 0.01)
(0.9028990204 0.56409326 0.01)
(0.56409326 0.09710097958 0.01)
(0.7398280348 0.796296087 0.01)
(0.203703913 0.7398280348 0.01)
(0.796296087 0.2601719652 0.01)
(0.2601719652 0.203703913 0.01)
(0.7948432313 0.7160954194 0.01)
(0.2839045806 0.7948432313 0.01)
(0.7160954194 0.2051567687 0.01)
(0.2051567687 0.2839045806 0.01)
(0.4918910132 0.5902433119 0.01)
(0.5679292477 0.5496584425 0.01)
(0.4100959807 0.4908393575 0.01)
(0.5490159137 0.4230652353 0.01)
(0.6519524273 0.6424993192 0.01)
(0.3575006808 0.6519524273 0.01)
(0.6424993192 0.3480475727 0.01)
(0.3480475727 0.3575006808 0.01)
(0.8170957409 0.9131869608 0.01)
(0.08681303919 0.8170957409 0.01)
(0.9183880259 0.1817259029 0.01)
(0.1817259029 0.08161197406 0.01)
(0.9183880259 0.8182740971 0.01)
(0.8211813651 0.08287507657 0.01)
(0.1817259029 0.9183880259 0.01)
(0.08287507657 0.1788186349 0.01)
(0.5148430472 0.6970723395 0.01)
(0.3029276605 0.5148430472 0.01)
(0.7001511907 0.4848191499 0.01)
(0.4837887123 0.2974517783 0.01)
(0.6093837136 0.9184748968 0.01)
(0.08152510316 0.6093837136 0.01)
(0.9189012345 0.3909474273 0.01)
(0.3906162864 0.08152510316 0.01)
(0.9267032118 0.6577304291 0.01)
(0.6577304291 0.07329678816 0.01)
(0.3422695709 0.9267032118 0.01)
(0.07329678816 0.3422695709 0.01)
(0.4308711726 0.8215422552 0.01)
(0.8215422552 0.5691288274 0.01)
(0.1784577448 0.4308711726 0.01)
(0.5691288274 0.1784577448 0.01)
(0.4610242571 0.4325419913 0.01)
(0.5675926399 0.8179431903 0.01)
(0.1820568097 0.5675926399 0.01)
(0.8179431903 0.4324073601 0.01)
(0.4324073601 0.1820568097 0.01)
(0.6682031602 0.777698006 0.01)
(0.222301994 0.6682031602 0.01)
(0.777698006 0.3317968398 0.01)
(0.3317968398 0.222301994 0.01)
(0.6775726881 0.9310620666 0.01)
(0.06893793344 0.6775726881 0.01)
(0.9310620666 0.3224273119 0.01)
(0.3224273119 0.06893793344 0.01)
(0.435653396 0.5515938436 0.01)
(0.5842036345 0.4795331505 0.01)
(0.498543416 0.3707591477 0.01)
(0.4465321259 0.7377718003 0.01)
(0.7377718003 0.5534678741 0.01)
(0.2622281997 0.4465321259 0.01)
(0.5528737852 0.2607974076 0.01)
(0.3941988668 0.4191222524 0.01)
(0.4866977706 0.9351066682 0.01)
(0.0648933318 0.4866977706 0.01)
(0.9351066682 0.5133022294 0.01)
(0.5133022294 0.0648933318 0.01)
(0.4068115942 0.615393841 0.01)
(0.4977172706 0.839986858 0.01)
(0.160013142 0.4977172706 0.01)
(0.8399857466 0.5022852827 0.01)
(0.5022827294 0.160013142 0.01)
(0.6985907909 0.8431728094 0.01)
(0.1568271906 0.6985907909 0.01)
(0.8431728094 0.3014092091 0.01)
(0.3014092091 0.1568271906 0.01)
(0.8399087899 0.7710607098 0.01)
(0.2289392902 0.8399087899 0.01)
(0.7721632509 0.1589969516 0.01)
(0.1589969516 0.2278367491 0.01)
(0.7590505876 0.6756399137 0.01)
(0.3243600863 0.7590505876 0.01)
(0.6756399137 0.2409494124 0.01)
(0.2409494124 0.3243600863 0.01)
(0.6451856454 0.6960156333 0.01)
(0.3039843667 0.6451856454 0.01)
(0.6960156333 0.3548143546 0.01)
(0.3548143546 0.3039843667 0.01)
(0.6123348939 0.6084674 0.01)
(0.6012239053 0.3909780107 0.01)
(0.9394694856 0.6048537357 0.01)
(0.6048537357 0.06053051438 0.01)
(0.3951462643 0.9394694856 0.01)
(0.06053051438 0.3951462643 0.01)
(0.6467109705 0.5053327791 0.01)
(0.9415664749 0.05843352511 0.01)
(0.05843352511 0.05843352511 0.01)
(0.9415664749 0.9415664749 0.01)
(0.05843352511 0.9415664749 0.01)
(0.7768897712 0.9470619986 0.01)
(0.05293800142 0.7768897712 0.01)
(0.9446562253 0.2316746033 0.01)
(0.2316746033 0.0553437747 0.01)
(0.9442075112 0.7677735618 0.01)
(0.7654341916 0.05645222871 0.01)
(0.2322264382 0.9442075112 0.01)
(0.05645222871 0.2345658084 0.01)
(0.7828491226 0.8374630805 0.01)
(0.1625369195 0.7828491226 0.01)
(0.8453405318 0.2262639406 0.01)
(0.2262639406 0.1546594682 0.01)
(0.5530720499 0.9481981224 0.01)
(0.05180187765 0.5530720499 0.01)
(0.9481278282 0.447089439 0.01)
(0.4469279501 0.05180187765 0.01)
(0.8506564221 0.6943782523 0.01)
(0.6943691965 0.1493390295 0.01)
(0.3056217477 0.8506564221 0.01)
(0.1493390295 0.3056308035 0.01)
(0.5117247186 0.6401577127 0.01)
(0.3581565174 0.5111344045 0.01)
(0.5705118262 0.6966865202 0.01)
(0.3042974068 0.5691390515 0.01)
(0.695957876 0.4307100016 0.01)
(0.430594868 0.3039597342 0.01)
(0.5446550233 0.7471798304 0.01)
(0.2528713944 0.5445835543 0.01)
(0.7473021861 0.4553910005 0.01)
(0.4553313602 0.2525687312 0.01)
(0.8687933849 0.9488410613 0.01)
(0.05115893871 0.8687933849 0.01)
(0.9476421361 0.1348859049 0.01)
(0.1348859049 0.05235786387 0.01)
(0.9475882521 0.8651263648 0.01)
(0.8673312154 0.05271618979 0.01)
(0.1348736352 0.9475882521 0.01)
(0.05271618979 0.1326687846 0.01)
(0.6883028345 0.6061109156 0.01)
(0.3846930779 0.6932206723 0.01)
(0.6061109156 0.3116971655 0.01)
(0.3127914046 0.3939145954 0.01)
(0.5865185706 0.869582351 0.01)
(0.130417649 0.5865185706 0.01)
(0.869582351 0.4134814294 0.01)
(0.4134814294 0.130417649 0.01)
(0.7482823683 0.7414632832 0.01)
(0.2585367168 0.7482823683 0.01)
(0.7414632832 0.2517176317 0.01)
(0.2517176317 0.2585367168 0.01)
(0.6189776109 0.7952905585 0.01)
(0.2047094415 0.6189776109 0.01)
(0.7952905585 0.3810223891 0.01)
(0.3810223891 0.2047094415 0.01)
(0.9463595285 0.7120924796 0.01)
(0.7117492281 0.05373017169 0.01)
(0.2879075204 0.9463595285 0.01)
(0.05373017169 0.2882507719 0.01)
(0.8517485358 0.8770523403 0.01)
(0.1229476597 0.8517485358 0.01)
(0.8517485358 0.1229476597 0.01)
(0.1229476597 0.1482514642 0.01)
(0.5228646648 0.5478403715 0.01)
(0.3854387898 0.8036559105 0.01)
(0.8036559105 0.6145612102 0.01)
(0.1963440895 0.3854387898 0.01)
(0.6145612102 0.1963440895 0.01)
(0.7942248942 0.7964092523 0.01)
(0.2035907477 0.7942248942 0.01)
(0.800274821 0.2059672114 0.01)
(0.2059672114 0.199725179 0.01)
(0.7104530651 0.6592066399 0.01)
(0.3411985389 0.711047576 0.01)
(0.6592066399 0.2895469349 0.01)
(0.289658592 0.3407959633 0.01)
(0.3783919092 0.8906467969 0.01)
(0.8906467969 0.6216080908 0.01)
(0.1093532031 0.3783919092 0.01)
(0.6216080908 0.1093532031 0.01)
(0.5395067819 0.591749997 0.01)
(0.5075375821 0.4506562874 0.01)
(0.8061719495 0.6660699955 0.01)
(0.3339300045 0.8061719495 0.01)
(0.6660689174 0.193827509 0.01)
(0.193827509 0.3339310826 0.01)
(0.45293657 0.514948323 0.01)
(0.6087911281 0.6659242231 0.01)
(0.3319515276 0.6078489845 0.01)
(0.6634694225 0.3915308108 0.01)
(0.3912088719 0.3340757769 0.01)
(0.8766029736 0.8104127897 0.01)
(0.1895872103 0.8766029736 0.01)
(0.6659938193 0.8881835029 0.01)
(0.1118164971 0.6659938193 0.01)
(0.8881835029 0.3340061807 0.01)
(0.3340061807 0.1118164971 0.01)
(0.4400611118 0.9563871963 0.01)
(0.04361280366 0.4400611118 0.01)
(0.9563871963 0.5599388882 0.01)
(0.5599388882 0.04361280366 0.01)
(0.8110316677 0.1258751771 0.01)
(0.1258751771 0.1889683323 0.01)
(0.5533183431 0.5102716953 0.01)
(0.4875806971 0.8908007254 0.01)
(0.1091992746 0.4875806971 0.01)
(0.8907980517 0.5124254453 0.01)
(0.5124193029 0.1091992746 0.01)
(0.4314990845 0.7807384426 0.01)
(0.7807384426 0.5685009155 0.01)
(0.2192615574 0.4314990845 0.01)
(0.5684019007 0.219023092 0.01)
(0.7178917527 0.9513670825 0.01)
(0.04863291749 0.7178917527 0.01)
(0.9491566609 0.2832080499 0.01)
(0.2832080499 0.05084333908 0.01)
(0.4552027851 0.6273889709 0.01)
(0.8735579335 0.1892201105 0.01)
(0.1892201105 0.1264420665 0.01)
(0.6375375691 0.9557816334 0.01)
(0.04421836661 0.6375375691 0.01)
(0.9558127076 0.3624865665 0.01)
(0.3624624309 0.04421836661 0.01)
(0.6168988909 0.5606875131 0.01)
(0.3770238607 0.4581941756 0.01)
(0.5926570711 0.439610941 0.01)
(0.5471563549 0.3782901603 0.01)
(0.8900252978 0.8533282374 0.01)
(0.1466717626 0.8900252978 0.01)
(0.8894329118 0.1471707643 0.01)
(0.1471707643 0.1105670882 0.01)
(0.7802043079 0.887683072 0.01)
(0.112316928 0.7802043079 0.01)
(0.7065183471 0.7563393771 0.01)
(0.2436606229 0.7065183471 0.01)
(0.7563393771 0.2934816529 0.01)
(0.2934816529 0.2436606229 0.01)
(0.8277678153 0.9536747191 0.01)
(0.04632528091 0.8277678153 0.01)
(0.9627459564 0.175 0.01)
(0.175 0.0372540436 0.01)
(0.9627459564 0.825 0.01)
(0.825 0.0372540436 0.01)
(0.175 0.9627459564 0.01)
(0.0372540436 0.175 0.01)
(0.3551098842 0.4031491827 0.01)
(0.3998278955 0.5346276221 0.01)
(0.4725321174 0.3408171083 0.01)
(0.514915074 0.3326740077 0.01)
(0.4797477386 0.5487272683 0.01)
(0.4234034234 0.4476213187 0.01)
(0.4905449166 0.7376313208 0.01)
(0.4671516632 0.700203533 0.01)
(0.2623772167 0.4905330051 0.01)
(0.2998383968 0.4667900241 0.01)
(0.6963684579 0.5284581739 0.01)
(0.7381514235 0.5069705007 0.01)
(0.5073768859 0.261300964 0.01)
(0.3289462418 0.9677970183 0.01)
(0.03222092177 0.3290148921 0.01)
(0.9677970183 0.6710537582 0.01)
(0.6709851079 0.03222092177 0.01)
(0.4615271435 0.4734435941 0.01)
(0.4654321113 0.3878842354 0.01)
(0.5757814878 0.7775220843 0.01)
(0.2224816493 0.5757762787 0.01)
(0.7775310023 0.4242218667 0.01)
(0.4242175197 0.2224595893 0.01)
(0.8828817012 0.662634445 0.01)
(0.337365555 0.8828817012 0.01)
(0.6626326339 0.1171173891 0.01)
(0.1171173891 0.3373673661 0.01)
(0.6498655699 0.5968931946 0.01)
(0.5966281703 0.3486620069 0.01)
(0.8955605452 0.2172061505 0.01)
(0.2172061505 0.1044394548 0.01)
(0.5396349076 0.8440812376 0.01)
(0.1559187624 0.5396349076 0.01)
(0.8440796007 0.460368853 0.01)
(0.4603650924 0.1559187624 0.01)
(0.5931441817 0.9588601227 0.01)
(0.04113987731 0.5931441817 0.01)
(0.9588601227 0.4068558183 0.01)
(0.4068558183 0.04113987731 0.01)
(0.4535389158 0.8555152338 0.01)
(0.1444847662 0.4535389158 0.01)
(0.8555147832 0.5464621194 0.01)
(0.5464610842 0.1444847662 0.01)
(0.404679204 0.8513743848 0.01)
(0.8513743465 0.595320884 0.01)
(0.1486256152 0.404679204 0.01)
(0.595320796 0.1486256152 0.01)
(0.3922698533 0.3806811949 0.01)
(0.9041449437 0.7786886067 0.01)
(0.2213113933 0.9041449437 0.01)
(0.6634121103 0.4663458374 0.01)
(0.6420376302 0.7431680047 0.01)
(0.2568319953 0.6420376302 0.01)
(0.7431680047 0.3579623698 0.01)
(0.3579623698 0.2568319953 0.01)
(0.5477059287 0.4667640888 0.01)
(0.7792595116 0.09969477121 0.01)
(0.09969477121 0.2207404884 0.01)
(0.6306127405 0.8866271179 0.01)
(0.1133728821 0.6306127405 0.01)
(0.8866493137 0.3694044993 0.01)
(0.3693872595 0.1133728821 0.01)
(0.962666886 0.4849512454 0.01)
(0.4849243306 0.03732139828 0.01)
(0.5150756694 0.9626786017 0.01)
(0.03732139828 0.5150756694 0.01)
(0.668211113 0.816616907 0.01)
(0.183383093 0.668211113 0.01)
(0.816616907 0.331788887 0.01)
(0.331788887 0.183383093 0.01)
(0.8995607195 0.6947581908 0.01)
(0.6946985467 0.1004467667 0.01)
(0.3052418092 0.8995607195 0.01)
(0.1004467667 0.3053014533 0.01)
(0.9599415415 0.09445785558 0.01)
(0.9055421444 0.9599415415 0.01)
(0.09445785558 0.04005845847 0.01)
(0.04005845847 0.9055421444 0.01)
(0.9055421444 0.04005845847 0.01)
(0.9599415415 0.9055421444 0.01)
(0.04005845847 0.09445785558 0.01)
(0.09445785558 0.9599415415 0.01)
(0.6772338699 0.6807913969 0.01)
(0.3192499479 0.6772945343 0.01)
(0.6807913969 0.3227661301 0.01)
(0.3227775236 0.3192088687 0.01)
(0.5375635549 0.8011711316 0.01)
(0.1988380282 0.5375507752 0.01)
(0.8011925525 0.4624457272 0.01)
(0.4624340103 0.1987839076 0.01)
(0.5405871966 0.6688941138 0.01)
(0.3313061976 0.5405256415 0.01)
(0.4028718405 0.6551722558 0.01)
(0.4657516335 0.8078694975 0.01)
(0.1921305025 0.4657516335 0.01)
(0.8078693115 0.5342487937 0.01)
(0.5342365791 0.1921021138 0.01)
(0.5697185663 0.9101738889 0.01)
(0.08982611114 0.5697185663 0.01)
(0.9098814806 0.431032795 0.01)
(0.4302814337 0.08982611114 0.01)
(0.5047849392 0.4071995096 0.01)
(0.676600402 0.9676421565 0.01)
(0.03235784351 0.676600402 0.01)
(0.967206287 0.3236243857 0.01)
(0.3236195585 0.03279992783 0.01)
(0.6032418556 0.8324924293 0.01)
(0.1675075707 0.6032418556 0.01)
(0.8324924293 0.3967581444 0.01)
(0.3967581444 0.1675075707 0.01)
(0.6083790123 0.7049630071 0.01)
(0.2950369929 0.6083790123 0.01)
(0.7049630071 0.3916209877 0.01)
(0.3916209877 0.2950369929 0.01)
(0.9705550928 0.525 0.01)
(0.525 0.02944490716 0.01)
(0.475 0.9705550928 0.01)
(0.02944490716 0.475 0.01)
(0.3580261846 0.7786345686 0.01)
(0.7786345686 0.6419738154 0.01)
(0.221365296 0.3580264541 0.01)
(0.6419735459 0.221365296 0.01)
(0.6962702892 0.7980246373 0.01)
(0.2019753627 0.6962702892 0.01)
(0.7980246373 0.3037297108 0.01)
(0.3037297108 0.2019753627 0.01)
(0.81306033 0.8677384967 0.01)
(0.1322615033 0.81306033 0.01)
(0.404728073 0.5763106699 0.01)
(0.6219631617 0.4721800586 0.01)
(0.7865742315 0.7563930127 0.01)
(0.2436069873 0.7865742315 0.01)
(0.7575993909 0.2114633548 0.01)
(0.2114633548 0.2424006091 0.01)
(0.5294331356 0.2966813738 0.01)
(0.8358481022 0.7309557414 0.01)
(0.7309557414 0.1641518978 0.01)
(0.2690442586 0.8358481022 0.01)
(0.1641518978 0.2690442586 0.01)
(0.4244603323 0.700397549 0.01)
(0.7020395488 0.5698403951 0.01)
(0.2979604512 0.4301596049 0.01)
(0.5703369982 0.2962705563 0.01)
(0.7411685409 0.8626930415 0.01)
(0.1373069585 0.7411685409 0.01)
(0.853898266 0.2631894977 0.01)
(0.2631894977 0.146101734 0.01)
(0.7054131852 0.9000402998 0.01)
(0.09995970023 0.7054131852 0.01)
(0.9002575008 0.2956981609 0.01)
(0.2956981609 0.09974249916 0.01)
(0.5976358388 0.5144455094 0.01)
(0.371046513 0.6054517075 0.01)
(0.9665449168 0.6363613839 0.01)
(0.6363515767 0.03345764604 0.01)
(0.3636386161 0.9665449168 0.01)
(0.03345764604 0.3636484233 0.01)
(0.967630143 0.03236985705 0.01)
(0.03236985705 0.03236985705 0.01)
(0.967630143 0.967630143 0.01)
(0.03045240961 0.9695475904 0.01)
(0.4662934336 0.767991613 0.01)
(0.7684297689 0.5331133043 0.01)
(0.2320092582 0.4662922182 0.01)
(0.5330705996 0.2312494533 0.01)
(0.6758272016 0.7276206228 0.01)
(0.2723828929 0.6758323601 0.01)
(0.7276206228 0.3241727984 0.01)
(0.3241737673 0.2723793998 0.01)
(0.4781605157 0.6645455039 0.01)
(0.3343546141 0.4784525804 0.01)
(0.4503320579 0.5843885148 0.01)
(0.4293140973 0.4062672344 0.01)
(0.6447678073 0.9175463532 0.01)
(0.08245364675 0.6447678073 0.01)
(0.9169813229 0.3555136181 0.01)
(0.3552321927 0.08245364675 0.01)
(0.5782418033 0.5871921796 0.01)
(0.8536570194 0.9145187195 0.01)
(0.08548128054 0.8536570194 0.01)
(0.8640800088 0.08954401428 0.01)
(0.08954401428 0.1359199912 0.01)
(0.7427431162 0.7072858498 0.01)
(0.2927141502 0.7427431162 0.01)
(0.7072858498 0.2572568838 0.01)
(0.2572568838 0.2927141502 0.01)
(0.5244110294 0.9220983242 0.01)
(0.07790167583 0.5244110294 0.01)
(0.9220319176 0.4757547956 0.01)
(0.4755889706 0.07790167583 0.01)
)


// ************************************************************************* //
