/*--------------------------------*- C++ -*----------------------------------*\
| =========                 |                                                 |
| \\      /  F ield         | OpenFOAM: The Open Source CFD Toolbox           |
|  \\    /   O peration     | Version:  2312                                  |
|   \\  /    A nd           | Website:  www.openfoam.com                      |
|    \\/     M anipulation  |                                                 |
\*---------------------------------------------------------------------------*/
FoamFile
{
    version     2.0;
    format      ascii;
    arch        "LSB;label=32;scalar=64";
    note        "nPoints:2300  nCells:10250  nFaces:21732  nInternalFaces:19268";
    class       labelList;
    location    "constant/polyMesh";
    object      neighbour;
}
// * * * * * * * * * * * * * * * * * * * * * * * * * * * * * * * * * * * * * //


19268
(
45
225
237
1746
203
274
280
2221
33
109
163
7147
96
100
927
1527
19
512
1178
3615
6
68
117
4117
277
8765
22
153
220
294
10
1257
6277
9759
37
68
117
3113
269
1241
9760
128
3421
9867
9919
24
464
2356
2455
588
1232
9788
10152
53
906
1006
6140
121
138
852
1202
25
425
1203
9928
341
767
1535
2641
48
80
198
316
501
567
4295
384
518
4329
7095
159
209
1214
4296
393
683
6953
79
165
478
2890
3176
4160
9989
55
978
3107
64
994
1090
2125
155
641
1638
4322
65
78
1496
1951
63
216
921
2351
107
294
494
862
86
508
821
1104
262
598
1493
4877
484
3303
6210
129
236
855
1267
81
300
2272
7953
62
522
9793
9801
52
561
5539
41
297
356
692
318
1056
3216
9762
57
144
654
9848
92
716
2631
89
490
636
707
337
513
5837
9842
56
66
110
3438
178
764
2865
72
1112
9803
10210
325
3185
3960
9776
316
1346
5564
61
87
1919
2508
179
329
831
2122
67
111
409
7656
233
1349
2596
156
865
1352
59
147
729
3871
1953
7316
9928
559
4712
9799
185
1155
2228
299
640
1912
3266
158
607
9975
115
192
413
3318
90
879
1859
102
343
9802
266
688
4029
658
1547
3610
361
2179
2600
110
253
4877
118
380
7706
277
1296
173
366
477
2465
82
133
1015
4946
75
143
883
3827
129
502
5305
134
188
354
896
97
328
753
5015
373
1186
4033
106
6867
9774
9985
104
131
228
411
361
3751
6665
492
525
2172
198
3914
4796
190
2347
6224
308
866
8020
345
714
2043
2892
130
198
3195
3463
581
744
1012
1749
1545
5312
6790
90
3189
3612
295
630
802
2519
1852
2248
9780
974
1524
217
280
1655
3055
151
297
686
215
814
946
2181
103
114
145
196
160
638
665
4032
140
2285
6298
662
1572
3660
256
510
7088
10025
244
1669
1796
5111
211
3376
3702
419
446
450
2477
281
4273
9794
114
204
2391
141
696
3753
412
1901
3271
9943
207
434
9773
220
401
2505
139
189
3743
9824
422
1371
5397
2668
5698
118
949
2055
135
272
2793
2866
523
894
2256
5110
2563
5569
210
1087
1467
122
1120
2047
3202
247
1820
3241
3815
122
3338
7052
9763
125
194
649
2317
1142
3411
3810
1756
9764
308
504
782
1819
172
421
2485
3132
194
2209
4452
341
467
1927
4050
175
286
527
9808
391
442
2358
2991
10208
646
3459
3844
228
2730
3994
170
252
262
308
3924
10024
549
935
4753
326
455
5215
221
264
7786
154
364
547
2178
693
936
1202
310
3060
4545
1053
1442
6427
411
3836
4141
162
191
1145
2331
496
6272
8196
1993
7700
9847
196
682
2914
174
573
815
3218
158
1693
10062
227
279
350
6373
224
653
1425
2459
221
231
1824
5829
467
524
1875
167
241
7927
182
5811
9858
794
1455
5320
1959
2873
8594
748
2729
6297
162
191
439
8916
3555
8369
202
3676
4219
762
1541
2865
331
479
626
6582
2076
9609
422
4057
171
250
323
4779
491
525
603
187
620
1618
3672
195
1181
6787
192
210
2323
5847
327
1786
2322
9939
546
1196
7570
197
4240
5486
521
1293
2551
304
477
2314
605
1039
3218
803
3533
9807
243
909
2424
4525
303
3697
6382
9765
237
339
6323
831
1915
2931
248
283
562
818
254
362
4180
6000
4840
6212
9860
249
448
6906
9862
229
557
4762
5606
654
1421
4100
570
583
632
3766
526
1132
4700
285
549
5335
420
483
9823
320
7338
7532
456
1674
215
5551
353
404
1102
3809
809
1261
241
1095
7684
1482
3024
250
738
4572
646
419
446
468
577
204
663
1956
3131
304
1227
3034
270
3838
4390
217
264
694
1460
284
541
580
1107
344
664
1162
2565
434
1469
4446
245
276
593
5046
270
1067
6581
1248
2290
560
1829
8578
435
684
2681
2723
399
463
1387
1707
239
245
1520
6432
857
2250
266
410
1646
1824
2375
269
475
853
5304
2606
4268
4851
9762
288
3313
231
264
235
608
1700
4142
360
386
861
907
1325
3129
5218
593
1914
2565
235
566
964
2021
1365
2950
3009
1780
4699
642
1813
2608
277
1773
7209
9189
5435
7370
292
342
455
964
773
1657
3262
253
2589
9772
9799
1757
4155
348
458
1538
2724
371
1179
1343
2977
276
2541
6962
487
704
1177
9908
2088
6873
334
506
601
3559
2259
2444
3019
869
1526
3798
2049
7144
258
1174
2806
2823
417
792
1820
599
1231
9915
760
1291
9814
787
3214
427
578
1610
5837
546
1184
8273
4877
9771
410
1235
2365
261
403
511
680
1052
5418
10026
273
321
369
2497
823
2392
2989
286
527
1134
2587
387
950
1650
1733
332
646
1742
1184
4122
322
375
1783
9906
274
267
910
1663
10089
3302
6803
874
2410
6726
402
899
1114
2968
1622
2018
3138
4421
609
5505
5525
9770
326
2084
5978
471
939
2790
2129
2506
301
534
603
7456
2724
7553
283
599
1700
3063
290
1008
1963
1673
5341
343
3470
5696
871
1305
2714
9833
1757
2959
1405
4469
7039
354
385
5664
803
5970
451
544
749
3008
393
750
2037
370
389
6304
9785
324
447
1008
609
668
9770
10206
407
1974
2289
441
493
640
1228
555
6212
379
1092
2830
298
912
2537
3811
1992
2117
2406
2468
5909
2052
2225
5135
320
3304
6572
491
678
4807
498
751
2035
5108
1535
2452
9766
1695
8646
367
584
844
1005
307
424
1804
5586
424
666
2141
782
675
745
1781
2247
420
1375
7080
375
595
2330
3235
582
618
5902
9836
352
1106
1448
2132
330
542
1188
1611
707
1807
5496
9780
565
629
319
437
742
5122
462
717
6399
737
740
5112
3119
5124
351
471
595
5697
9905
353
1720
3214
350
363
4997
951
2905
9768
2289
1160
1786
2491
398
1017
1572
904
2339
2791
790
1534
3504
587
856
2422
403
795
7014
445
535
963
4855
359
2190
2283
368
414
470
2390
358
631
1445
9832
386
485
4494
394
503
515
1082
3174
3755
6718
388
2504
8446
9875
2940
5943
407
3052
4237
2058
2666
898
996
1455
808
2015
8819
368
470
1034
1725
575
1360
2341
3270
458
2098
3086
415
472
610
624
1011
6590
369
1625
7746
1554
1970
3833
1841
7661
1567
6478
1315
4921
9805
9863
1551
4584
9793
3136
5188
7572
9758
1660
1683
9831
732
3917
9934
386
4150
6931
3750
6027
622
3166
5685
1011
6013
9798
794
2027
2235
416
791
1708
3215
1227
2490
6531
821
929
1575
1544
3197
5509
8587
998
1393
4471
1370
2876
3426
529
537
2984
3088
496
2027
4365
426
691
871
7011
6506
9960
382
429
757
891
397
531
2915
3533
444
736
3016
6613
500
930
1092
409
499
5515
616
776
2566
2835
824
2781
9929
395
548
3631
4939
677
1863
2176
1885
2961
4947
485
1759
1770
2634
551
3346
8728
3096
5731
9786
709
802
4018
6815
2155
9102
9920
514
4946
5859
9843
1557
1806
627
2939
7839
1328
1453
1922
602
4506
5102
9894
2672
4058
4134
825
1500
5360
1387
1631
2509
530
1476
1880
3202
494
1264
2965
1098
2318
8153
1720
3283
2705
4019
10145
520
904
5632
10030
711
2411
2652
2742
6559
431
573
4083
10093
7802
622
1646
3220
3442
2224
2877
3719
1087
2180
7861
1348
1673
2506
472
1457
3087
1182
2307
3670
792
3842
6676
552
2126
5167
10072
3968
7520
839
4835
521
2679
3621
728
2522
868
1122
2359
3269
992
3031
1068
1570
5034
870
1823
3600
1302
1648
2884
881
957
1265
2420
635
757
9930
441
928
2032
5572
815
1615
5065
562
648
723
818
495
687
1258
3081
670
9824
614
2261
7859
1032
1045
1635
1870
751
1130
1379
2360
3229
4438
9796
784
2813
9069
938
1390
1908
2301
752
2025
482
2366
10079
509
1731
3924
10023
1498
2148
2313
1064
2684
5734
2488
4516
449
4579
9798
3486
9813
9861
1307
4624
9797
2208
2477
9781
3489
4718
6263
531
628
3378
9807
564
989
1373
2782
1001
1150
1750
10105
566
1534
784
3681
6377
461
1163
1361
10198
502
4629
562
623
1474
2324
474
891
1617
5108
685
1050
2544
2233
4163
4761
1559
3737
6216
3826
4260
9988
481
820
1344
2078
669
1211
1630
1965
1222
2087
536
3325
4528
476
613
1377
5303
576
3965
731
5858
1408
10077
698
1604
2008
2532
751
1860
1899
1127
2475
6619
1061
1151
4501
980
4459
1059
1612
3042
2368
2715
7427
556
1167
3096
3392
770
820
864
1787
2093
5671
523
1073
10181
1371
3125
6973
969
4022
939
966
2444
2790
1692
3201
5202
492
816
1612
5571
594
780
1233
2756
1052
3340
4629
3042
5993
788
6503
752
3266
5360
809
2209
814
857
4886
7621
532
1377
3643
5609
2151
3240
4985
709
3241
9966
930
1670
5422
851
1434
5467
1148
4629
627
3519
3901
2017
2044
2665
1035
1437
2082
10096
1089
2190
8097
727
1488
3085
6913
625
3183
4811
1672
4395
4944
585
2792
4588
708
2822
3444
1094
1621
6063
968
4159
8948
3924
4944
9844
595
1172
2939
536
577
867
9992
1022
1266
1302
1354
677
4107
8937
806
1192
1378
4535
2651
4665
10031
4357
6211
1551
1948
5609
839
6660
1222
5120
5910
2019
2687
942
943
3405
3423
5020
538
1030
1602
8058
925
1561
2464
1591
2352
8250
706
3671
1061
4166
4730
645
781
1238
9791
678
688
921
2684
3460
4177
2646
5688
657
1675
2464
1324
1464
8375
692
743
873
1289
600
1305
5695
10067
1392
2560
9905
727
3085
3362
689
1272
1420
6936
659
749
876
681
914
1507
10012
6771
7066
563
592
5320
1207
1328
2592
2257
4054
748
906
3819
5471
679
1418
8532
1040
1722
8944
558
759
1784
2479
597
633
1920
2090
683
1214
2502
643
1152
8037
642
6020
7546
621
4487
4711
739
1801
3438
755
3348
6075
1296
1349
5965
592
991
1002
1224
2558
7075
629
841
1988
1144
1790
1094
5716
574
1099
1294
7556
648
723
2421
3013
965
1270
2572
579
682
1512
1750
611
959
4045
10033
4490
4605
1069
1201
1653
1178
2531
4620
1454
1461
1673
2832
5396
1302
3363
5453
756
1859
3041
1312
1392
2104
1836
3815
5243
947
7279
9835
1295
1353
8516
1575
5128
5991
2144
2486
4215
1340
1697
1774
1982
956
2715
6952
945
2325
10151
772
819
1159
1608
610
617
1158
10222
969
1023
4978
9842
1186
5537
2565
5529
1596
3752
4246
673
638
762
1975
6899
1573
2917
8223
1196
1456
2413
1530
9991
1415
3193
5274
1089
3050
6996
799
4973
9893
2193
2353
944
3032
3983
4765
1430
4490
6028
922
1210
1766
7751
729
2329
3299
964
2627
3307
5246
6088
624
2294
1003
3332
3369
623
648
2365
3437
2058
4501
5993
2054
5358
1032
1043
1635
2920
1103
3373
8806
1848
2294
4696
710
2376
7877
766
872
1501
8830
1010
1132
9982
759
2202
3754
3780
4669
1646
2727
5235
6573
1545
1884
6907
2368
2688
2886
5229
8080
706
3872
5059
1074
3203
1962
2034
4325
796
1313
2320
699
1295
1651
702
771
8397
1236
1282
1471
3236
639
2427
4113
847
1052
8379
746
833
1401
7329
2213
3635
2987
3718
4046
1228
5135
1110
1435
1959
1404
1592
3398
10110
656
4797
6562
9806
6808
9228
9792
3026
650
950
1088
1389
5219
1568
3021
6715
1124
1545
5254
701
783
1218
4025
672
1246
3700
10013
3999
4273
8316
5155
5568
771
2090
2246
9890
1631
5930
9805
2137
3775
6747
1364
2599
4531
750
1838
6011
722
924
1468
1764
960
1243
1273
4041
753
2995
3122
694
1810
4133
2124
2231
2865
1541
1669
1796
735
741
2141
744
889
2625
2809
1077
1139
9769
1211
1684
2536
4274
4691
9823
696
1041
1078
1146
1283
2217
3905
774
1392
3045
798
1278
1336
3720
1079
1404
2302
778
1933
6339
9924
2882
3325
3785
4162
1998
9875
708
3203
3537
914
4795
5600
756
1678
4231
6630
2054
4398
5777
1050
1166
2262
716
4050
5821
1593
2904
3318
3302
4162
2858
3259
6653
892
923
1595
2384
870
6539
2631
9793
838
2746
3411
2391
6849
1046
1487
3955
5296
1078
2287
811
893
1096
1816
1204
2799
5531
2066
3975
4249
733
1401
3777
9856
724
783
1821
771
2500
3412
715
850
2091
4231
1692
2548
3035
714
808
2584
8236
4134
8025
1029
4629
3985
5764
1213
5515
947
1679
2267
754
1279
3989
805
1318
3076
6593
786
830
9820
4043
4305
2147
2638
4642
8758
9228
1056
1973
2696
764
832
5141
971
2245
3205
9777
746
833
2105
3740
1098
1197
1397
2848
924
2115
2798
1333
1952
961
2667
10060
747
2157
3378
10097
1122
2195
3269
9850
1275
9416
765
1939
5208
1731
5236
836
1198
4875
5173
1423
1649
2131
2116
6062
9933
3575
6398
9855
861
7830
9838
741
1885
6641
1498
2765
7929
1272
1379
4465
787
2096
3267
2085
4942
9800
742
1420
8378
983
4646
2577
6677
1115
1906
4662
889
1749
3625
3917
4222
1881
3492
4115
4590
3912
6299
3069
4279
876
1215
2418
2849
8168
1009
4415
1076
1118
10035
927
5499
7191
2734
5271
2247
3091
768
1200
1949
7641
5583
6706
1291
1825
4696
846
1100
1370
3935
3823
7417
1136
1191
9611
10239
828
7554
1101
2522
2786
1330
1662
7516
3797
9790
9901
990
2999
9865
1119
1749
5510
9817
854
6536
7478
2246
1024
1159
2634
1913
4080
5938
1172
1842
6143
843
1000
1327
6261
1103
1890
1997
842
2456
6348
9809
1644
2668
5698
1097
1449
1644
9887
1339
1596
3117
1238
5650
6241
3981
4610
3164
6143
1990
3821
1086
1259
1861
2652
1018
8026
9822
9009
816
2686
5580
1154
3274
7440
9796
1020
6134
6463
1854
2292
8971
2199
3106
1300
1887
1895
3224
3023
5510
875
1085
1879
1395
1598
2459
810
962
4308
9887
1183
5587
9944
2649
4099
4822
880
1427
5757
6302
1036
1497
1775
1850
1968
6903
3404
4157
3225
3866
5693
9811
1141
2586
3636
1171
2344
7191
877
1075
2769
8483
1972
8917
862
1261
2268
2340
3360
893
1581
1828
1383
1518
1837
2168
819
904
1108
2041
3249
6202
4120
5838
1158
6416
827
2692
2947
9811
8077
9915
1251
4323
6489
8191
2988
4070
932
1005
5991
9797
2774
3978
5158
891
2053
1017
4529
7288
859
1299
1431
3524
2092
9812
10213
832
997
4032
1971
2061
2405
3025
1018
1240
5747
919
1116
7561
9941
3847
6789
1025
1284
2136
3459
850
934
3203
3985
1754
3514
4353
1057
1799
2762
4260
936
2603
8134
1489
3306
933
975
1329
5227
915
954
1988
5535
7250
9810
1000
1080
1347
1406
2988
8133
1246
1283
1447
1480
977
1370
3959
2248
2997
5418
1037
1514
1958
3787
1029
1342
1661
8187
934
2147
1865
4381
4652
1142
5277
5359
1414
2101
864
6403
8590
3288
3479
4118
956
2299
6419
2366
3318
976
1177
2403
3120
941
1356
1780
905
1217
1426
8082
907
9837
2371
4197
937
1521
1627
3194
7512
1006
5096
8014
1060
2017
5382
940
2646
3323
2020
2152
3554
2628
2650
5743
877
7776
1642
2996
1290
1662
3724
1906
4273
9794
910
4552
10165
1085
2737
3026
2505
8695
1075
5783
1051
1372
3163
4076
1175
2269
3041
1180
1799
2508
1726
3221
3396
1251
1608
1623
5288
1186
1205
2731
905
1369
1782
5502
1100
1281
2788
9862
913
918
2035
3380
1030
1287
2149
3455
1235
1460
3835
6000
5320
5338
1204
2532
4164
4226
7337
2246
3410
3814
6348
7250
1073
3150
3791
897
1106
3645
5294
973
3341
6663
1176
2594
4242
2565
3984
4945
1013
2848
5743
1004
1410
2255
5063
1306
4175
4618
9766
1139
9825
10207
1099
1653
1983
3144
1905
1970
4608
3154
5720
1509
5871
2488
9781
9910
10124
1263
2259
10033
2006
2811
2376
2380
3362
9836
944
3079
3983
918
2151
3980
1738
2836
954
1552
1593
1113
1782
2472
4512
1400
1485
2523
6408
1718
2520
1116
2595
5018
2112
2654
3095
5790
3591
4957
1839
3035
8278
1038
2246
5482
1589
2014
2040
3837
6166
1195
1737
5405
7117
6963
8301
2849
3698
4920
1104
4694
6266
1968
1443
1855
2029
2104
5322
6013
9798
1121
1665
1074
6630
973
2034
4753
5217
6011
1297
2827
7189
2063
3355
3962
1536
2497
2640
2832
3179
1159
1583
2730
943
1835
3285
1129
1187
4462
8835
1808
2526
1413
2921
7166
7216
8586
987
2112
2203
4173
1250
3060
3743
1884
2279
1007
1117
9776
1260
1571
2156
5178
961
1388
1550
3217
1467
4500
1054
2091
2503
3375
1111
1564
1637
1677
6101
1019
1195
2220
9822
1003
4551
10167
1849
2038
6333
1821
10061
1995
5563
9888
988
1791
3860
3120
1031
1194
2212
1536
3573
3951
1287
1368
1602
1716
7155
9841
2079
9968
1047
1640
2127
9864
1314
2119
6351
1490
1677
3396
3888
1918
2830
3612
3699
7865
1014
4345
5148
2021
4681
7225
1825
4770
9862
1570
2059
4994
1153
1428
2160
2171
1301
1432
3036
1319
1771
1789
2238
1037
1247
1711
1315
4153
4646
1027
1383
5103
9995
2195
5523
9840
9850
1532
2979
6662
6996
1659
2967
4277
1064
1080
4983
1066
1416
5793
7688
9866
1002
4795
9302
2961
3031
6274
1199
6317
9834
2599
3246
3678
1185
1215
1400
4533
2178
2231
4926
1157
1374
4032
4930
7177
9785
1024
1650
1748
4397
1486
5352
1512
1555
2083
1226
4401
3128
10002
2500
3395
3412
1406
4694
2367
4963
6695
9767
9952
5267
6490
1518
1994
2206
3154
4138
9983
1999
2952
1447
1836
3539
1114
1205
2655
1868
4163
7059
1060
3309
8651
1277
1411
2571
2907
4528
4749
2399
3620
1195
2385
9778
1611
2380
7594
1161
1212
1537
4321
1506
2721
5070
3344
7617
9841
1650
4323
2874
3238
3401
1237
1743
2461
4631
1518
2995
5527
1156
1399
1714
4664
1140
2098
1324
2149
2108
3508
7003
1363
7063
1101
1335
2851
3483
1128
2839
2859
1645
3890
10098
1070
2756
5013
2690
9854
1359
3614
9816
1430
1546
4380
2126
4179
9884
1146
2520
3409
1391
1492
4790
9900
1363
2590
2788
1109
1366
5159
9828
2407
2894
3371
1509
4513
9837
1826
2223
4806
1065
1237
3168
9967
1119
2055
4386
9815
6440
7868
2048
7359
7749
4588
1527
2298
6361
1292
1874
2638
1219
1510
2443
3178
1386
7099
2184
3252
4333
1220
1982
3765
5071
2109
2177
2615
3296
9445
1472
2903
1072
1699
1798
9048
1805
1904
2417
2595
1327
5734
5634
9837
9968
1242
2558
7096
1074
1552
5317
2604
3747
7145
1143
1727
5601
1497
5295
7116
2026
2110
3568
5133
2653
9117
9993
5210
10180
1851
1769
1792
1279
2863
8656
1139
4555
7682
1884
2279
1549
4985
5635
1347
7004
1827
1967
2129
2710
1172
4282
8545
1234
3652
7985
9758
1208
1252
1280
1685
3832
4550
1165
1384
3726
8291
1124
3649
5411
7974
9000
2170
3246
6499
1228
1376
8387
6720
8649
1216
1274
1569
1864
6651
8255
2744
2844
3190
1816
3027
5555
3831
4388
4953
3602
8209
5330
5584
2229
3935
1668
6159
1720
2447
7787
5565
9003
5312
6204
1553
5454
7440
9796
1176
3833
1405
1817
1916
1251
2082
10030
1979
5679
7710
1435
2159
6860
1564
1891
3080
8626
9804
4556
5502
5911
4146
8196
1289
1297
6746
4864
6547
9360
9775
9951
5437
5876
10034
3815
5680
1756
4135
6743
1329
3186
6874
2389
3554
1292
1304
1394
1590
4762
7546
1170
1502
2242
2476
1171
1192
2003
2378
1414
2792
7088
1463
3145
3420
1187
5541
2035
2577
5354
1239
1303
4703
9925
5541
1345
2335
2342
3682
4100
5970
9990
1147
1350
10111
3068
10082
10134
1181
1200
2975
3795
1352
1367
3007
3865
9826
1398
2578
5496
1318
2085
3894
8271
8567
1294
5106
7334
1658
1757
2866
1674
2554
9219
5897
6907
1334
1546
5658
1807
2851
9803
1961
2288
2980
5812
1235
2075
5385
1169
2286
5303
2234
3096
10110
2635
6527
10140
1978
3274
5672
1421
3970
5099
1594
1714
2130
1374
4601
5174
2686
10223
1356
1636
2235
9940
1337
3825
4143
1531
2049
2186
2544
2616
5127
1209
1554
2993
5023
2897
4254
7227
1361
1833
7637
1543
3116
4471
1331
2190
3569
3917
1472
2306
4744
1502
2396
2857
2200
5084
1842
1193
1987
2656
5459
1525
3634
4272
2758
3072
10232
5811
9857
2887
4645
1548
2539
3445
7084
7204
1427
2184
5387
2744
4638
1854
3290
4810
1574
1616
5715
7800
1286
2815
6103
5537
2824
5058
1275
3589
1268
1499
3745
8688
1358
1441
5375
6558
2011
3679
9401
4106
6709
1853
1866
2909
1794
2783
3508
8816
6026
8307
1729
2467
2929
1754
3102
10174
1778
3595
9833
2999
5039
1727
8382
1893
2567
1351
4089
8370
3867
9810
1226
1316
1544
1725
2296
4270
2012
2162
4447
1252
6741
9994
1782
2620
6289
1626
2403
4909
2744
4817
1337
1391
1607
1968
9965
1851
4219
1286
2037
1274
3429
3498
1369
3875
4262
1254
3280
7118
1379
2418
3379
1840
3586
5505
1586
1639
3210
4914
2495
8710
1729
2759
4111
10072
1373
8111
1990
2319
4350
8562
1322
3196
2343
9973
1376
1288
1721
2903
4730
1606
1817
2022
2992
1530
2081
4815
2018
2526
5924
1641
2065
2921
1566
3171
9757
2466
1993
2006
3977
1743
3161
3377
7094
2974
9926
1735
3715
4576
1622
2740
6051
1515
2741
7137
1263
1273
2424
1255
1846
3495
4965
1465
1495
6810
7871
3097
6099
1440
1711
2333
1467
4210
6145
1407
2726
2777
6895
2055
4820
5014
1623
3638
8245
2189
2807
7877
10071
2663
2667
5607
2354
2449
2883
1285
1306
2068
9765
2740
6363
10249
1593
3249
7955
1384
2906
5073
2274
2855
10117
3007
6621
1414
8184
9788
10163
7448
10032
1587
2505
3688
1637
1664
3528
2721
4408
5545
1538
3347
9896
1588
1840
4555
1896
2208
4970
9782
2108
6353
7403
1481
1758
3466
4205
3156
4733
3153
4267
6086
7423
3543
1597
2181
2847
7406
1411
4881
6951
1616
5790
6557
4649
7000
1685
4732
7951
2095
6372
9861
5129
7700
9878
2280
4858
2521
4617
7841
1519
3715
4405
1893
6011
3482
7258
1922
4318
4360
5140
6946
1724
2795
7527
4001
8839
1304
1874
2922
6054
9129
6713
8407
5845
1556
1773
2481
2972
1326
1333
4641
6028
1356
2041
6100
1895
2350
2525
5246
6723
9892
4023
2700
4179
6909
2405
8282
1415
4145
4405
5669
1479
3104
3519
1691
2764
3231
5004
1832
2542
2574
3915
1422
1676
2105
3237
1384
3639
4372
10044
2002
3057
3664
1613
3759
4407
1878
5514
10009
4606
6041
1322
2655
8445
1326
1333
1658
5704
4942
8747
1765
3472
7358
1458
1690
2107
3180
1332
1385
2651
4010
1698
1987
1380
2669
3841
4055
1652
3597
1425
5147
7016
6747
8104
4565
6083
2397
9958
6501
7177
1439
1504
7516
2089
3253
6835
1907
3949
6048
6056
1350
7126
7387
1668
3497
5816
1429
1483
5587
3430
4834
1375
3060
3509
5014
2756
2846
7826
1753
4863
6944
1532
1747
3029
3033
1398
6910
7679
1370
4964
5311
1419
1558
2078
2219
6411
6645
1851
3361
3381
2527
2762
2390
5252
7412
2239
8685
2234
7464
7367
9927
1624
2659
3767
4689
4739
1506
2920
4023
1452
2338
3854
4281
1964
1812
1858
4208
4422
2031
2033
2426
5287
7720
9815
2281
3976
7085
2013
3477
1486
1505
1744
1928
7394
2056
2597
4531
1963
6181
8080
1599
1633
7881
1624
4331
8022
1385
1907
3209
3611
5176
3189
4979
2048
2831
3969
3873
6622
1739
1950
2336
6239
5327
7270
2058
6124
3548
4106
4524
1510
2386
3160
6553
1491
2348
3048
4498
1396
1736
4134
7805
5445
6664
10045
2791
3896
7954
9761
5403
6275
1897
3866
4695
1788
2888
3641
1872
3087
3994
2222
9899
3512
2139
4268
6304
1614
2503
9954
1445
1521
5218
1701
6237
10085
3550
4849
8436
7578
7806
2701
4664
10006
2249
2436
1571
3527
1522
2136
2649
3564
1468
1764
4771
7111
1549
2839
7499
8558
5638
5814
2441
3199
5886
1864
3133
10076
2462
3384
9865
10170
1478
4108
4772
3689
3940
1451
2153
3332
7981
1462
2065
2250
8295
3595
4792
1515
4733
6936
1732
2241
2633
3563
1998
3551
5468
1558
4598
6764
3259
7457
5282
6118
1489
2057
6357
1625
5087
7468
1457
1926
2294
9814
2568
4865
3875
4608
6832
3853
6117
3156
4748
4988
1483
1667
4139
2798
7387
3890
4328
5925
3053
5258
9891
1446
1785
2412
3385
1865
3579
3580
5269
5928
1463
1824
2863
2953
1763
3404
4157
1542
2169
4301
8388
1504
2693
5407
1958
2333
6582
2033
4361
6310
2285
2298
7450
1969
5119
6053
1791
2309
4177
4422
2014
2408
1941
3471
6376
1480
2809
2126
6293
6909
2779
2973
7618
1560
2197
4744
10051
2266
3609
8163
2471
4786
5383
3631
4360
5054
1461
2966
5377
2158
2186
2357
2374
7208
2143
6919
2133
3180
6355
1590
1614
1956
8598
2075
6045
3055
3933
1775
1850
4176
2859
3683
3349
3544
8859
1730
1741
10094
1682
2683
3372
6611
6530
3328
4380
3245
5849
9984
1508
2474
2711
2800
1619
3977
9878
2197
2602
1525
1634
1929
5739
1646
2081
2185
1948
2891
7094
9801
1688
3577
5196
1523
2070
2589
3666
1588
4977
6149
4504
4624
5923
1643
1966
3070
4873
9812
2501
2743
4575
5092
6710
1894
1954
2350
7026
1930
3635
4072
1744
5352
1870
3874
7063
3543
6606
6884
1676
6660
2192
3030
4959
2719
3976
5556
2222
4674
8447
2357
2933
4122
1726
2400
2420
2675
1730
2570
6574
3751
6068
8884
3886
5630
2266
5117
1588
2202
3754
2206
2291
7091
1724
2693
10168
3270
3976
1582
3470
7601
9794
5707
7765
1928
2738
7004
5855
8839
5277
6099
10012
2677
4865
6302
2216
2884
3257
4733
1715
1936
4503
7187
2474
10052
2364
2553
6206
9829
1892
2690
8113
3257
6687
1594
6041
9863
10006
1584
2973
5907
9924
3061
2068
3790
8175
2049
7377
8336
2778
3191
2175
2722
4758
2413
2589
2757
2269
3699
5105
1760
7263
2650
5111
8436
3376
6361
1897
2244
3250
3633
2404
2434
3343
3520
5646
5970
2124
2453
5676
3108
3606
1539
1592
6685
6858
3589
4237
4204
4803
8650
3094
4105
10046
4264
4588
1592
2010
2114
1694
2555
2868
4928
2231
6652
1843
2080
5187
3186
3398
7992
2296
3197
7791
6127
10109
2170
3814
6933
1621
1629
1762
2010
5220
2270
2967
6886
1721
8758
1593
4421
5846
6227
9795
2126
2759
2474
4286
5873
1945
2239
2588
1768
1921
2460
8016
10174
1661
1707
6910
2300
4872
10050
2040
2227
5687
1957
2510
2697
6490
1573
5550
6260
9872
3391
6754
1609
2258
3870
4827
2045
3171
4493
1885
3341
6281
2317
2462
7245
1815
1886
5414
2604
1881
6347
1685
2646
1920
9871
2877
9943
5125
7837
1647
2601
3423
3977
1902
2072
3357
4040
1634
2050
3037
4098
1977
1983
3219
4923
1918
2166
6413
9948
1828
2164
3251
3761
4584
5709
1872
4328
5986
4480
5028
9923
1627
2074
2481
4307
1898
2990
8689
1991
3688
6668
6065
1845
2138
2664
2293
3215
1688
2043
8864
3906
2130
5538
1740
2381
9917
3262
4126
2921
3370
4741
2778
4407
4511
2445
6958
7710
1760
2770
3092
5739
1877
2165
3003
3661
2751
3349
1668
7175
9846
2799
4292
1660
1675
1683
2706
2514
2529
6994
1704
2222
2297
2177
2982
2005
2258
2768
1648
1793
9809
3362
1848
2286
2629
3630
9832
1810
9953
1800
5547
10093
2877
8263
1814
4708
7337
3154
3353
5962
8978
9877
1980
2907
3018
3127
1709
8255
2174
5143
2685
4382
8014
8308
6220
8826
2134
3052
3120
2074
7169
1671
2123
4018
4325
1709
1761
7038
1965
2311
2671
1803
3001
1645
1822
2142
2942
2581
5661
9851
1986
4171
3659
4408
2235
4258
7518
4348
5264
2873
4724
7393
1898
3382
5806
3658
4797
8668
3752
3839
5701
8404
9834
1966
4858
5231
2268
9924
1822
3890
3153
3583
3663
5123
5545
2878
6535
9772
1733
2066
2572
3544
3597
6263
5995
7626
1847
2801
3547
5916
2375
3991
8161
1740
5097
5184
8108
1913
2422
5539
2808
4320
2203
3811
5057
2816
6461
2098
3737
4289
6338
1993
2410
4777
2821
3518
4958
1868
2023
1681
2880
4901
7364
4520
8254
8383
9845
2628
3635
5389
7943
9965
2217
2794
5492
1996
6032
8189
7341
7916
2137
2706
3327
4835
2694
2838
2914
3629
10052
2267
8260
2103
2623
2707
4544
2296
2377
7616
3454
4331
4370
2014
2984
2536
3912
7858
2646
2001
2363
3227
3258
1849
2630
4041
10089
2892
2204
2486
2792
4650
2107
2638
2761
3811
3983
4534
5774
6514
3871
10063
1731
2240
10062
2314
3034
7494
1862
2346
2850
2985
2679
5071
6749
1987
4541
5690
3047
3339
7745
2627
5646
1736
5393
7905
2310
2442
4793
9938
1774
1811
3412
9890
2328
3094
3142
2113
2118
3456
8297
1712
3067
5746
5860
7218
10081
1924
7771
10001
8127
8354
1887
3010
4617
8079
4530
9853
2805
2815
6449
2142
2305
3058
3516
6316
6497
3756
4312
5581
2658
3896
7258
1802
2191
4929
10031
2520
3277
5476
2024
2183
2833
6805
3275
1922
3708
6249
9883
1748
1946
2279
6469
1989
4913
1813
2608
3396
4858
7639
8541
2167
2282
2680
4592
3802
4196
2451
1996
2454
2867
3400
1788
2414
1751
1910
3440
5318
5405
6504
9820
2672
7138
7010
7747
9778
2836
5477
7110
1950
6487
7737
4783
5482
2804
7321
10095
2073
2822
4698
5549
7306
3496
7231
1909
2397
4105
9958
1914
5141
3108
4540
8380
1964
4737
2881
2563
10233
1910
5465
6749
2362
2409
3375
5764
1982
2989
6065
2789
5203
1923
1960
2069
2284
1791
4422
6010
3070
5119
7514
2414
3710
5240
3634
4327
1762
4640
8498
8452
1802
2082
3408
5147
5218
1789
4483
10022
1839
4147
7815
9827
9854
2994
5959
7219
2020
2062
7173
1884
3183
3753
2238
6283
6552
2315
3030
3059
6048
9398
1811
2679
2065
6205
2199
3080
3919
4102
2086
2507
4093
5379
4225
6898
6982
1808
2518
2559
4806
2287
2382
2781
4222
5635
1970
5171
5592
9959
2552
4487
1869
1941
3467
5114
5250
3829
4444
4576
2207
3858
7510
8320
2021
2227
3504
6366
2062
3388
8028
4978
9810
9842
2212
2271
2708
2639
3054
3066
4358
3798
4032
1962
2519
6924
9970
2111
3339
7995
2826
5552
1919
3130
3189
2085
2106
7044
5490
10030
2509
3336
4740
2067
3907
4153
1915
2226
4109
1838
2321
4231
2564
6561
2325
8672
2310
2938
3705
5406
4236
4684
2145
2949
2393
4523
8950
2839
4449
1899
4557
1864
5235
5493
2450
3168
2766
3138
1827
2946
4518
6259
2451
2804
5369
5788
3866
5115
5472
5689
2714
2769
5727
4823
3959
4696
2787
3658
4650
3909
6082
4105
10047
2828
3348
10194
1934
2183
2431
3048
1917
2924
3512
4289
3029
3943
7767
1937
2425
4128
2493
3458
5232
9927
3292
5915
6718
3022
3897
4604
5494
10022
2603
3489
2548
7529
1982
9769
2705
4779
2002
3164
6288
8553
10056
2125
2145
3621
5328
2211
2346
5186
2354
5573
2821
3272
3383
1876
3040
4227
10088
3406
7081
6630
8865
9779
1893
1921
2567
8008
9987
1969
2416
5050
1994
2060
3101
4415
1903
2443
3593
5518
2393
2645
2837
2508
2734
2053
2471
5485
2411
2906
4597
3282
5971
8143
2176
4970
7057
4892
6677
8378
1987
3619
4795
2216
2884
2936
5869
2494
7498
2379
2499
2784
2970
4513
1911
1944
3330
4885
2730
6573
2033
2128
2348
3892
2237
2316
2087
3525
8632
2109
2446
3040
2205
3310
3661
4341
5043
7727
3283
6980
7712
1943
2071
5196
2855
3535
4645
5754
9907
2529
2703
2766
5945
4606
2232
2814
4590
1954
5931
2353
2718
2871
3302
1992
2117
3094
4677
2369
6941
8394
2299
3919
6502
4187
7087
7880
3619
2000
6880
6935
6435
8031
2557
8405
2244
2956
8475
5122
5683
2263
2556
3763
4856
2224
2772
5952
2807
5979
10071
2741
3257
8810
3696
4109
5035
1915
2423
2546
4511
4607
5420
7330
2401
3994
6425
2164
3601
9957
3783
3784
2036
2670
6192
2225
3325
7380
2678
3997
8300
4717
2766
2825
6776
2582
3045
7118
2691
6720
3300
10092
4863
8199
2037
3126
7765
1960
3906
4073
2292
5530
10000
1947
2121
2226
6147
2135
6415
6948
2495
6589
6603
4199
4297
2823
3771
7715
2436
2628
5195
2019
2172
2364
3172
2016
2097
5120
5910
4233
4426
9923
2201
2431
4763
1974
3169
5444
6883
3481
3616
4312
2262
4178
10154
2030
3134
3299
5780
2725
2786
3973
2937
3111
3443
4131
6023
6580
2171
3173
4988
9936
2071
2352
8364
3476
6653
10139
2252
3295
3845
1964
2287
4814
2013
3477
5469
5407
6094
2462
2975
8825
5346
8669
2179
3490
7154
2004
2046
2421
3938
5448
6595
3098
6378
2591
2958
3256
4686
2293
3131
3453
4710
9010
5997
7826
5812
6362
3258
5618
3608
6019
8239
3728
4392
3519
7699
4869
3749
4950
4368
4647
2200
2946
5427
3280
7586
2132
2869
3367
3734
2584
2860
7926
4172
5292
7804
2776
6483
2213
3405
4680
3100
6247
6535
9799
2196
6694
9830
2360
4373
5672
7979
9827
3560
4354
4648
2028
5554
6025
9922
2196
6798
2076
2813
6604
9087
2083
2351
2466
3290
2050
7263
8977
4925
5222
3723
4633
10169
3988
8854
2965
3006
4625
3507
8398
2228
3061
3317
2340
7372
10028
3695
6085
2369
4327
10153
3260
2950
2952
4829
3098
4940
7878
3258
3649
5411
2948
5780
4456
5084
5194
2046
7483
8077
2355
2768
5917
2811
3236
2026
2214
6173
6748
2613
4259
5399
2106
2154
4042
4474
2114
4985
4911
9412
10082
2077
2276
5300
2619
5127
3487
2860
5156
3208
3961
4651
6236
7657
2101
7050
2193
9831
4689
5912
5687
2029
2104
3312
2494
3186
8635
2547
5440
2032
6283
8387
2110
2214
5772
7824
4312
4477
9921
2514
2910
2528
2939
3695
2036
6583
10142
7934
6192
2830
4325
7335
6586
10137
2249
3434
4227
3263
5417
6177
9981
7734
8518
2423
3890
2357
2933
3435
4942
3680
6588
2451
2570
4161
3750
4367
4493
3711
4011
4135
7865
8568
6068
7709
8420
5937
7694
2304
2673
4269
5349
2882
4203
6661
2361
6223
7388
5421
2597
4439
4594
3306
3610
4531
4801
3574
6316
6541
3428
3786
4808
2562
2660
3417
2152
2401
2889
7331
5523
5990
7455
9840
3839
4376
6896
2733
5586
8652
4913
7527
2284
2616
2767
2648
2954
8611
2837
6743
3416
3712
4559
2349
3844
7167
4359
6816
2563
4095
3149
9121
2592
2624
2885
5711
8808
3344
4022
8500
2169
6067
10057
2185
4616
6280
3290
4957
3169
3365
4648
7469
3585
3713
4539
2940
2844
6597
6783
2190
2483
5957
2636
3522
2321
4364
3123
10212
4444
10078
2326
2473
2695
3158
2229
5381
6372
3287
4572
8959
3208
5078
6148
4636
2150
2758
10105
10232
2120
2662
3570
3830
9788
3222
3243
5153
10059
3199
4508
5004
3057
4403
5402
2154
7044
3359
6290
7007
8262
2446
5032
5064
7566
3895
5396
9992
3184
4036
2797
9186
10087
3803
5518
2706
2798
3012
2283
6081
3961
5910
2797
3845
4502
2245
5043
3530
4027
4247
2226
2765
3223
2339
4397
7397
2280
3020
3897
3934
5750
2145
2516
2438
3308
4570
2242
5090
6391
2221
5427
2740
5143
2954
5858
6433
4887
5585
2761
4628
7955
2916
4147
4213
2143
3220
5711
2175
3401
6248
7472
2346
7126
7587
2482
7268
9762
2675
2720
4094
10100
6925
7132
3354
5896
3087
8808
2188
2486
9896
2949
2302
2457
3091
3240
2761
5317
2313
4663
7808
5047
8704
2689
2810
10081
3980
7373
2359
3369
4384
4990
4885
5090
2432
8015
9885
2274
3678
5263
3492
4157
9807
3023
4013
9971
4173
4724
6950
2635
2782
7669
2253
2680
6568
6999
2328
3507
5821
2347
3177
4052
4813
3251
3601
2822
3534
5981
4181
5024
6972
2680
4243
4430
3472
5663
10022
3304
3611
6804
6527
9935
3320
3502
2265
2327
3284
2223
2475
7583
2373
6834
3968
5524
2864
5032
4401
5250
8858
3318
4374
10079
4767
5847
2407
2575
6133
8455
2547
3048
4051
5387
2198
2871
2453
5874
2487
2694
2981
4347
7634
8724
9895
2960
3920
8182
3408
4562
8748
3396
3905
5804
2576
2816
3107
3938
7238
10157
5903
8156
2408
7626
2300
4066
2303
2871
4781
3540
5306
2344
6608
3193
4785
6095
6102
7295
2412
3758
3345
5292
8184
2278
3846
4232
3188
3317
2414
3305
10160
3968
2530
9881
2428
2796
3044
3212
2985
3487
4148
5894
8399
4828
5174
8745
2383
3063
4354
9991
2387
5296
2280
4389
2908
3600
7754
10055
2342
6015
10064
6827
8861
9821
5918
3142
5143
9863
2654
6780
2882
2417
2545
2808
2601
4777
5546
6807
3984
4393
4593
9972
6652
3498
4115
4782
2696
5591
8958
7381
8936
7824
2511
2538
2819
2853
2316
2362
5651
3793
6840
4369
6717
2555
3446
6318
2662
3570
4720
2348
3579
8778
9774
9985
3225
3542
4204
5500
2302
3917
7603
3313
4242
4176
7540
2998
4125
4582
10040
2463
3135
6354
2637
4093
5540
2264
2265
4480
4701
3395
6149
3791
5257
6675
2818
3121
3921
5719
6458
6786
6929
2266
4384
5117
7033
2681
3681
4554
7726
10153
3152
4844
5682
2327
6698
9923
3729
7314
6324
3849
7093
4611
6698
3072
8962
3217
3433
5057
2783
3115
7325
2561
3064
9011
2749
2785
3105
4527
2599
6918
2435
2896
3992
8205
2328
2624
8338
2488
3201
4749
9908
2567
3310
3810
5476
3769
2531
2719
5165
4068
5029
6999
6654
8392
5008
7557
2963
4441
2306
5571
3448
2510
2697
3608
3169
4210
4366
3188
5360
8168
2812
3643
2388
2914
5579
2754
4417
5562
5831
2880
2511
2624
4834
8820
3117
3262
3596
3722
3087
3133
8773
2457
4244
4781
5021
3232
3255
8860
2942
4784
4960
2876
2977
2388
3215
10053
2915
3289
3604
3671
3391
4076
6754
2621
8577
2671
6832
7020
2613
3557
5610
9008
4346
6190
8600
8874
2838
3166
4488
3062
3359
5310
6488
2968
3602
4756
4993
8116
2459
4137
5696
2460
2746
6146
8889
9939
4200
4366
5645
4244
5965
6811
8184
8876
3581
4428
5062
5810
8607
7162
3134
6240
9975
3596
4302
5744
2554
3149
7836
2682
3230
3480
3840
4450
5410
3576
4095
4726
5055
3677
6240
6900
2384
3306
3410
2573
3014
3067
9879
5431
5775
6481
3896
4323
6857
3987
4438
4620
6819
6830
7234
9974
6794
7243
2440
2618
3039
5971
3064
3177
2833
3564
4758
7184
2525
6935
2466
4029
2507
4093
4949
5021
2591
8157
2534
3082
5374
3377
6138
9789
3950
3421
5671
7123
3388
6623
4974
5850
2471
2781
7636
2743
6471
2540
5560
6615
3465
6206
4086
5385
3829
9885
4639
4963
5289
4578
8803
2544
7264
2745
7005
9898
9904
2502
4709
4908
2580
2899
5752
9945
2722
7041
2413
2757
6836
8821
4356
5726
3046
3157
4270
2710
2943
3089
3433
5057
5800
4191
6889
3814
5184
7083
3448
4527
4699
3510
4826
9990
3614
7543
6684
9777
2669
4615
4725
2936
8833
3290
10052
8340
9849
4626
8145
2439
5200
2806
3754
6065
8682
3239
3462
3817
8728
2543
3077
4837
6788
2901
5380
8507
2533
2784
2674
2912
3071
5477
3620
5284
9998
3769
4858
4889
5473
6647
2513
3766
6278
9912
3035
7225
4931
5051
5118
4248
6689
3079
4362
6307
2970
5595
3191
3487
3394
4575
5075
5162
5682
2681
3989
3118
3758
7269
10161
3032
3095
7856
9768
2795
3724
3967
2619
5319
4443
4985
4458
5023
5408
9884
5721
6335
2585
3336
2688
6296
3354
5880
3434
6128
4178
6381
7128
5713
6137
10142
4440
9930
2796
6035
6348
2484
2934
7211
10172
2861
3495
4390
4421
4078
10069
4962
8175
9886
2489
3363
5531
9809
3073
4081
10112
4220
5323
7497
5690
5776
2569
2647
3159
3377
3541
3820
5700
3234
3298
4575
2470
5315
7899
2777
3079
6837
2621
3662
8957
5518
6655
3573
4853
2581
7714
5579
5741
3275
3632
4019
2556
2780
2845
3930
2904
4374
9868
3161
6235
6697
2641
2927
6468
4937
6598
2515
5802
7600
5013
5598
6138
2489
2796
3952
3422
6020
3691
4060
4955
10228
4273
2567
2994
2662
3563
9967
6824
3110
6717
8265
6343
8104
2490
6723
7220
3835
4293
8209
10073
3599
4932
6307
2498
3075
6957
9932
2630
5559
7235
4443
4693
5585
5611
3725
4004
5431
2677
2787
6125
3579
3580
5380
5204
5401
2674
2731
3827
7462
2552
4178
6682
2910
3945
7477
9919
3770
7970
3216
4930
8739
3941
4044
5392
3582
6372
10020
3777
6029
6054
3345
3888
4657
8767
4528
7100
7910
7479
7608
3494
3623
3757
2698
2725
3973
8384
3245
5791
9928
5145
5674
3739
4460
2593
3959
4964
6416
8654
3449
4991
9931
3467
4143
5800
5237
6303
3024
5734
6025
4296
5533
2746
4684
2969
3346
7908
5226
2710
3390
3585
8364
3300
2585
10080
2980
3453
2538
2624
2644
4077
4539
7578
4766
4845
9911
3967
8015
3430
4790
5371
3237
3610
9889
2799
3261
4351
6634
3954
6003
6932
2735
7424
3409
3238
6074
8428
9845
3864
4072
4625
3039
4551
7608
9973
8410
2559
6773
2826
2964
3629
2939
5697
6032
3967
4016
4817
7020
9882
2539
7105
3065
2957
5054
6104
2918
4827
7127
3510
4193
5964
9877
2962
6846
3599
4277
7821
4674
5755
2925
4719
3227
4737
6926
2543
3174
10182
3029
4310
5331
5921
6956
6941
3504
8518
10125
3354
3516
6529
2925
8514
3768
5905
2912
3552
4192
4238
2605
3046
3309
7441
2922
2944
4313
3904
4287
6694
9193
9829
8094
9326
5762
10103
3152
4313
6482
8038
9782
4306
4735
2919
5143
2825
6667
7784
3304
5511
8149
2660
3734
5452
5055
3319
6979
9779
3684
5794
6096
4865
5049
6560
2647
5552
6850
6686
7376
4065
4124
7567
4376
6353
6772
8953
9880
3943
4330
10045
2970
4916
6368
2643
3172
5021
6119
7938
4716
4757
5712
2832
4516
4690
7302
7384
8598
9946
3674
8469
2924
3326
4360
3099
3449
4658
5229
8627
5826
8043
3714
3806
6796
2601
4100
5367
3295
3963
6964
7909
2622
2920
9963
3294
6250
3424
3433
2721
4549
6035
2626
4468
9857
2770
4385
3106
3262
4014
6672
8930
3322
3603
4927
7237
8401
3171
6988
8898
4280
2903
3879
4066
2746
8095
3574
7077
7441
10024
10190
3468
7632
9330
2733
3242
5568
9913
3965
5441
2709
3143
3286
5567
2625
2657
5956
6462
2704
3982
5104
6191
2629
2687
5861
6503
3065
5730
3200
3232
5349
6012
2890
2982
5914
2767
6615
2720
3020
3769
9956
2630
4551
8488
2770
3972
2803
3611
8388
7506
9418
9964
3297
4399
6157
2657
2809
3716
4468
6847
2771
2776
5868
2687
3759
4514
4156
6808
4392
5513
6191
9970
4720
7600
8102
5032
5929
8017
3657
4031
6184
2680
7035
8548
6689
4379
5391
6548
3660
5543
10120
4050
5206
2803
4245
4561
5041
4244
5951
6248
2747
3713
8074
2837
3386
8166
4260
6215
3666
6433
4933
5949
2848
3802
2791
4665
5437
6806
3047
7164
2772
5520
3662
4596
2909
7401
8445
4937
5238
2751
4461
10160
2729
3007
3812
4679
7576
2691
2750
4129
8929
8500
2947
3311
4005
3328
5976
6279
4161
6252
8183
2739
3146
5803
3424
3631
4953
5999
3366
4196
4284
5136
6605
3006
8165
4209
7286
3255
4416
4907
4715
7305
3769
10101
3851
4615
6927
7073
3300
4976
2688
2886
5465
5519
2736
3624
9394
3222
4154
4370
3566
3632
2864
4300
4816
3502
6093
5993
9514
5826
10080
10104
8065
5175
9948
3123
3225
3542
2927
5457
2838
2981
3581
3918
10218
4172
6860
7136
5838
6200
7993
3319
7228
9779
2974
4693
4705
8755
10007
2717
2876
5172
5899
3855
5189
6418
3868
4392
4995
5426
6930
3012
2726
3199
4190
4425
5894
2755
4326
5501
6359
3314
4865
7590
3036
3603
4459
9162
4255
4583
5989
9917
3139
5290
7275
7564
3416
3556
3885
4895
3254
5521
7134
3408
4481
5302
3048
5165
3870
6663
3959
5640
6031
4398
7582
8434
3174
5291
8241
4079
4906
2852
3591
6811
2752
3219
4415
5612
3812
3912
5929
5477
8445
2775
3546
5782
10183
3074
3242
2964
3741
8649
9969
3230
6364
10003
3026
6745
8079
2831
3969
4741
3146
3785
4801
7224
3593
7574
4649
5519
5604
5651
5734
4817
3140
8873
9897
4569
6509
7968
2935
2962
6801
6846
3524
5925
7511
8965
9947
8393
9977
3101
3165
4923
2900
3474
3687
9960
3778
4997
6116
3402
5630
5795
5295
5242
8597
2810
10092
4196
4309
2878
4581
5999
9771
4602
2826
4333
3500
4739
5259
6169
3351
4544
6625
3016
3223
6418
6350
7098
4553
5599
3229
9795
4773
2776
4728
5109
4096
6493
2898
3231
5146
7430
3634
3972
4128
3211
3755
10182
6883
4362
7031
5161
7189
3831
4427
8098
3440
4313
4357
7707
4748
6407
4336
6661
2957
3433
2911
3613
6238
8385
2792
4414
7717
9963
2926
4818
5203
4713
4969
5018
3078
6207
10091
3121
3728
4325
4962
8018
7910
4117
4423
7587
4589
3314
4436
5757
3221
3532
5804
3082
3245
4868
6358
2993
4055
4316
5717
3067
4533
7417
4455
9870
4158
4211
8104
10126
6099
4083
7218
8681
2869
4457
7375
7816
3172
3320
6198
5933
6270
6248
7456
2867
3570
4027
4902
2879
3452
4389
2853
4619
4906
2842
8474
9774
3221
6255
5963
3265
6260
4601
5174
5840
4485
6870
2964
3374
5610
7153
3702
4563
10195
2974
3558
7265
8214
7453
3966
7406
7531
4361
5467
2913
3549
5158
6696
3916
5794
10153
5338
5537
6743
5512
3145
3450
3618
3648
5782
3975
4189
5823
9911
7097
7777
9773
3192
3545
3628
4640
7060
8895
3887
5721
7550
3117
4062
5009
3329
5866
7752
3802
3333
6871
3282
3837
6166
3451
4216
2875
3148
3881
3351
4544
2898
2983
3385
5146
5402
6967
2955
3582
5125
9978
2901
4474
5887
3156
10140
10141
3933
5010
7133
8144
3513
4500
5001
3281
4344
6340
6456
3420
7370
3334
7967
3823
2959
3162
4655
7430
3521
7443
7729
4667
5530
3277
3331
4103
7257
6791
3033
3436
4540
7563
4097
4585
5631
7343
9894
3316
4074
4819
3254
3719
4713
8044
3452
5335
10101
6406
7972
3509
6184
9818
6472
2904
2992
4421
5837
3114
3424
4522
5410
7213
4681
5202
7445
3305
4780
5254
3103
3278
3962
3320
4949
3248
7674
10001
3577
8819
3478
3734
4485
5239
4174
5595
7394
3293
3776
5241
7390
4220
4954
9899
3726
4064
9843
4429
5660
4029
4632
9986
4780
5225
9959
3701
8413
3515
3550
4532
5230
4037
6994
3228
4765
9118
4982
6949
4065
6526
3247
3500
4232
5600
6053
9920
3105
3987
4974
4491
7110
3696
5319
7033
5651
4058
5472
4140
4736
5344
4031
5550
6598
3082
6244
7159
6003
6740
6773
8246
6409
3763
5559
2986
3147
3706
6778
3862
4021
4295
4900
3627
3628
4862
3697
5206
3093
3690
4465
6494
4293
4463
4882
3068
9076
9413
10083
4717
4737
6926
3275
3387
5486
9922
3438
8368
4787
4804
7509
4484
6427
7952
7780
8174
4136
4915
7134
5489
7612
9938
9901
2958
3312
4704
7477
3404
3533
4456
6626
6778
6364
10003
10167
3315
3529
6195
7432
6512
3280
4971
3164
4205
7124
4543
9769
5753
6544
3065
3557
4226
9097
7467
8197
3683
6308
7000
7421
9772
6266
7230
9979
3114
3217
3762
6580
6886
3294
5761
3365
6795
8169
10070
5335
6939
4484
5124
5131
6686
7833
3741
3864
7020
3803
3906
5377
4695
6379
6060
9939
3122
3413
9873
7072
3050
4723
5245
3374
7291
7823
4427
7637
8341
3021
6555
3340
3501
4278
10026
4603
7084
3015
3399
4006
8095
3606
4497
7914
6373
7296
5099
6118
5288
5986
3385
4631
4836
3799
9193
6567
7937
3493
6092
7616
4440
6370
6995
3002
3049
3265
5158
3727
6721
8369
4776
6485
9895
3138
3256
3366
6737
5981
7901
3346
9994
4145
7011
7595
7680
8379
5157
6617
8666
6787
3530
6269
7143
8857
4921
4947
6216
3028
6549
7659
3534
4572
7382
3371
3659
3935
5036
5940
8536
9942
10017
3912
4467
3688
4009
4718
5226
4088
5376
6373
3224
5150
6074
3089
3198
3390
5170
4074
4819
3437
4641
5826
3067
3673
8440
3804
8134
9953
4152
5637
3368
9423
9891
5372
6012
6526
4853
6128
6761
7453
9955
4452
6555
3241
3897
4015
5510
8614
4904
5271
3417
7375
9954
4617
5455
6235
7301
3049
6254
7259
8465
4661
5835
8563
8767
3228
4462
3956
6662
7181
7290
7713
5258
5654
3342
4411
6089
3090
4026
4495
10196
3910
5315
3254
4770
8115
10233
3334
5303
3044
3212
3761
5625
3251
5709
3326
6143
3309
7616
7247
8181
6790
7272
5248
7324
3522
3908
5465
9890
5261
5913
6098
8619
9891
4379
5450
9126
3933
3991
3335
3656
5056
5280
5119
6817
4784
6968
8215
3166
6321
6937
4363
5453
5494
3359
6083
6905
3365
6883
5511
3158
5134
6515
9154
10133
3877
3883
4825
4396
5142
4238
4715
4989
4716
4757
8204
10113
3907
5461
9914
4829
7262
8197
3435
5483
8551
4837
5012
10183
4124
4599
7318
8346
4688
5760
4016
4886
6994
3747
3124
3333
6144
8168
3895
3927
4000
5624
7194
10127
3479
4216
4636
3775
5687
7549
3198
6626
3902
4864
7410
3233
4046
4327
4773
7904
4526
5112
8012
3507
5520
7644
5731
3155
3532
4028
3914
5249
3901
5814
7272
5214
5556
9800
3207
4808
4899
10175
3105
3278
5925
3901
5638
8092
6647
3919
5130
4994
7962
9098
3124
3333
4433
6079
3135
4502
8797
4085
4595
6781
5210
5345
5819
7722
4404
4656
6296
3594
4522
4425
4778
8167
3850
4600
4809
6409
3471
3720
4173
4950
6286
9022
3307
4389
5626
3413
3660
10224
6141
10076
3130
3182
6334
4242
5459
5959
3244
4354
6538
6122
7608
10004
3999
4343
6816
3439
7016
3835
7384
5071
6029
10005
3355
6079
3677
5594
3845
3652
8334
3276
3356
3475
9987
6004
5165
5224
8512
3782
8628
9292
3170
3279
4218
5139
3739
5910
3834
7605
9038
5037
5503
6473
3625
5357
4810
5116
6228
8014
8072
3316
3437
4286
7982
5210
5872
6638
3650
3694
7478
10173
4867
7550
4280
7448
4639
3700
5321
5804
4975
4250
7364
10190
5391
6421
3377
3473
10169
4324
4725
8669
3168
4916
4320
6207
6793
3566
3598
7787
8764
3207
5531
6634
3780
3268
3899
4906
5755
5634
7103
3264
3279
4266
8621
3465
4746
5628
6961
5921
3415
3427
6513
10118
4187
5598
7911
9229
3738
4748
5045
3323
4738
10246
4101
10018
4613
6856
7405
8141
3303
3439
7459
3443
4070
4277
6393
7644
4012
4056
5807
4471
4257
5016
5140
6594
3472
6840
5208
4340
7018
9882
4586
6798
3627
3880
6828
8612
10069
4586
7078
7153
3361
3844
6993
4401
5743
5868
5170
7615
8749
9445
7037
3517
5129
7346
4614
5848
3338
8439
4602
3209
3407
3773
7330
4175
9766
9778
3462
3946
5593
8238
3363
5453
4169
4623
3482
3958
3727
6912
7236
3823
3934
6511
4603
6724
3505
4201
4439
9903
4334
7014
7771
6399
8668
3424
3536
9949
4266
5584
3994
4654
4368
4154
10058
4427
5907
6518
7757
7307
3922
4270
4673
5859
6469
7355
9768
8483
8512
4621
6749
4534
8160
3517
7733
3240
5108
5617
3974
4151
5286
3901
5744
7259
6295
3847
6384
9037
3936
4375
5527
7373
4363
6738
9271
4110
5416
7374
3644
4881
6795
3747
9212
5259
8761
10054
3670
4431
9802
4002
4628
5350
6838
7307
8946
3735
5614
9988
3625
3941
5357
4770
5655
9029
3312
6521
5354
5618
5713
6391
4229
7015
10246
4589
7454
10186
3322
6842
7156
4266
4412
4424
3480
6944
4529
5388
3287
7537
4685
4883
5449
5005
6294
3615
5316
3818
8982
3547
6712
6829
3627
3898
7399
8322
4394
5534
3387
6505
8393
9986
3380
4435
4841
5672
4415
5015
4025
6047
6300
6971
5558
6742
6888
7787
3358
5309
5810
3292
8170
3760
5567
6205
7013
8266
3347
6733
6822
5221
5472
10099
3561
4437
5133
5300
3618
8902
3942
4304
8157
4283
4805
3309
6236
6626
3592
4544
5371
3810
4684
5075
3695
3727
6302
3582
4136
5125
5381
5302
3389
10039
6286
3474
6254
5110
3419
4736
3689
7099
8668
5075
5981
4789
4971
8318
6817
3864
5811
4431
8316
3513
4500
5564
4998
5138
3428
5438
3680
6242
5414
3488
4233
4426
4479
6088
9980
3638
4371
4123
4144
4890
6648
5688
3685
4302
3792
3882
7192
4771
6658
3370
8555
8884
5136
5934
7378
3900
4843
5922
3609
10033
8602
5906
7670
4400
5504
7592
5930
6627
3343
4343
6117
10112
7142
9062
8714
3501
8865
6369
6413
3352
4171
7185
3853
5881
8024
8666
9043
5527
5729
5830
7444
5420
9202
3684
3796
5334
5644
4251
5487
3464
3532
4028
4639
6612
9072
6613
3736
4675
3475
8008
8288
3996
4559
6514
3729
3857
4470
6290
4308
4611
4472
6891
7867
6251
3588
3605
4224
5033
4354
4196
7073
4248
5530
5736
3748
8429
9892
6122
8067
5701
8719
4453
5576
3571
3957
4279
3684
5416
6678
8121
4364
5075
9170
3671
5048
3738
4281
5775
5354
8810
4812
5255
5564
3446
4967
6318
3397
3403
6829
5234
5310
7131
3467
4208
4571
7876
3394
3444
5977
7947
4057
6417
10038
5170
7370
3969
6366
3441
3850
7194
3572
3718
4082
5026
3444
5764
4543
5077
3403
4958
5756
6874
3417
8095
9954
3430
3825
5146
9893
4246
5295
5678
4665
6057
4960
5915
5962
3715
3790
3829
3461
3883
5732
6791
6194
7335
3610
9889
4236
4684
4863
5612
8407
3622
4540
4587
7562
5171
5225
10119
4850
6752
3544
3820
4319
8658
10006
3843
4645
7678
7615
10035
9195
3565
3569
5749
3663
5020
3617
4206
5374
7488
3445
5172
6807
4966
6050
7611
5438
6642
3485
4892
5532
6625
3567
3685
4066
4360
3525
4874
9792
9901
9002
3950
9458
3956
5205
7045
10104
5718
5547
7111
5318
5721
3828
5022
8037
3998
4654
5574
4141
4595
3661
4069
7054
4659
8360
3757
6341
6692
8536
6052
6194
4829
5814
4275
5623
6193
3457
5105
6561
4546
7310
9245
3957
4331
7948
3482
3883
6394
8698
10086
3497
6588
7817
3913
5447
6073
3463
4617
4019
4855
7593
3794
4825
6153
5526
8352
5931
7343
3794
4171
4223
4782
5324
3801
4486
7124
6697
9290
9761
3562
3584
6366
6419
3759
4256
3653
8032
7426
7094
7674
10168
3805
6254
4162
7670
4769
4951
7378
4427
8283
5452
7912
10118
5065
6985
3549
4342
3616
4432
7229
4026
5251
6159
9803
3488
4265
4479
8619
3498
4409
7028
3694
5588
9813
6567
4339
6040
7576
8095
4102
4377
6068
3637
4542
5002
6126
4781
6203
3706
4901
7842
4258
5666
5817
5001
5573
3966
4565
6355
4043
7779
7055
3587
4472
6993
9859
3600
5973
5027
5544
5414
6093
3642
4272
4775
7263
6463
4439
5110
9918
3651
4538
7869
9127
9958
8904
3539
3732
4826
9878
3607
4039
4048
4477
5050
7784
4420
4938
4862
5173
6314
3550
4882
5972
4821
5632
6342
6412
3528
3840
6255
4282
4081
5051
6594
3981
4928
7507
3657
3783
3629
6517
7959
10053
4527
6100
4156
4257
3626
3667
3728
4239
3621
3777
5328
4621
5318
5213
6130
7878
3830
8911
4458
4870
5023
5216
4368
4209
6862
7323
3843
3859
7176
7723
9950
10108
4602
6888
8800
3742
4846
8546
10115
3863
4015
4688
5788
3689
3940
4005
10225
7152
10091
4006
3880
8842
6511
6678
8806
3773
4223
5692
7243
7640
3624
3696
8242
4061
4229
7696
4491
5691
4371
5827
8542
9993
8467
9385
9976
4850
5479
6813
4912
7649
5373
6516
9926
4440
4723
9934
4193
5372
7254
4341
4618
5514
5079
5614
7004
3825
7431
3844
6847
4185
4276
5061
3632
3937
3685
3746
4676
4149
4202
6047
4276
8097
4154
5423
5439
4167
5883
7230
4987
6038
7159
5525
6531
9980
6139
6179
7150
7142
7638
3731
3733
4870
5216
6391
3615
6496
8120
4085
4267
6257
7801
5144
5614
9764
9018
3765
8222
8688
6126
6990
8480
3605
5594
6438
5215
3692
4119
5355
6592
3881
7456
4399
4692
6110
5853
6644
3762
4619
4897
4225
6498
3925
4302
7596
8177
3937
3966
6888
7414
5727
5183
5625
4849
5654
7961
5221
5673
5968
6199
7312
5331
4243
4477
5029
9176
6246
8215
4262
4979
5867
3813
7474
7511
5014
5723
5339
4234
7798
3747
4003
5849
5253
6757
4445
6103
4175
4405
3847
4519
5030
7045
5666
7965
9263
6246
10002
6579
3667
4192
8351
5615
4640
4818
6261
4577
6114
7799
5607
6471
3762
4932
8281
10154
6460
5483
6833
7778
4918
5409
7343
5864
6328
4254
7032
9073
4824
4866
4919
5093
3858
4956
5047
5012
5152
7409
6042
6124
6186
6538
9271
3716
6293
9937
3774
4075
4912
5535
4434
5451
5620
9983
4008
4837
5253
4956
5433
5588
6727
7109
5031
5648
7653
4087
10036
3720
4139
4573
4523
7552
7931
10015
4359
4771
4893
7339
4311
4340
4400
3732
6091
6965
8190
3935
4408
8311
5486
4146
5603
4209
5393
4469
5594
6438
3923
4412
4424
5202
6982
8770
5492
10011
3878
4123
4352
7046
3686
4005
4789
6173
4431
4810
5673
4332
6612
8450
6511
6772
7417
3932
4578
7427
4866
5168
6036
10181
3838
5310
6488
3682
5697
4936
5328
5857
10238
5156
8864
4943
7916
4469
7039
4419
5089
6193
4302
4522
5133
5300
3805
5247
8058
3865
7567
4952
4975
5628
4241
4643
9331
4670
6380
6736
4504
4676
6143
10060
8582
10020
6912
6324
4913
6138
3948
4778
5572
7817
8568
3905
7686
3813
4489
6238
8110
4368
4411
4647
7489
4067
4170
7634
10040
5458
6356
8577
6414
7293
3764
5179
5890
6226
4037
4584
9957
3748
3857
5415
8688
5032
5521
7967
4011
6056
6793
6752
8142
10070
5379
6509
3806
4284
7322
3886
4933
5489
4004
4024
7702
9936
4113
7655
8988
6950
4552
5879
10164
3925
4166
4872
3779
5007
5737
5050
5945
3889
4004
8117
5080
10102
6213
4239
7781
8726
3731
3733
4613
9160
6856
8128
3863
6239
4049
5333
4485
4051
9852
9989
4285
4299
5919
4264
4303
5785
7702
4609
7162
4403
7436
4983
7865
5498
6455
10114
5819
7097
3971
4167
4537
6510
6525
7295
4383
4676
5923
4470
6510
3875
4950
7060
4367
6027
7709
7752
4014
7796
4141
5929
3978
3823
5915
5554
5805
6930
3984
5114
4429
5790
5696
3834
5268
8482
4037
4256
5909
5559
5836
3982
5029
5941
8198
8955
3767
8399
5912
6227
4644
6532
9910
4307
7823
7887
4098
6260
7489
3928
4208
4464
8960
3861
3958
3816
3952
5516
4155
5951
3942
4053
7720
5525
4417
6760
5180
6176
7885
4562
6803
4017
4189
4203
5279
9369
9904
3784
6091
7489
8199
4801
4807
4121
5139
5740
4187
7826
9989
3931
4693
4705
5796
3953
4207
4935
5011
5863
9886
5872
9439
3882
5052
5988
3893
3964
6840
3861
5958
5039
5413
6132
4935
6096
8762
4745
4803
5497
4926
10016
3837
6301
6567
3869
4612
8423
10059
4418
4727
6187
4111
5220
5518
4006
5992
6034
4378
9977
3894
5038
3922
4250
4802
7283
4637
5030
5622
7797
4294
4510
8057
5286
4251
6262
7858
4663
7130
6303
7460
3952
5709
7601
4159
5526
8634
5952
8495
8561
4467
6165
8270
3911
9864
4839
5019
7816
4793
5862
6105
10072
3842
4117
4423
4631
4402
5137
5160
6272
7305
3849
6722
7093
4176
8817
4152
6267
4230
4591
4968
4309
6078
8464
7384
3998
4595
5897
5446
6004
6221
6306
7179
4342
5738
3884
4271
6121
4894
6676
4252
5048
8297
4165
5286
5932
6211
4314
5107
6552
6759
5726
6448
4678
5022
4127
4532
8164
4194
4731
5367
5490
4931
5650
4428
5062
5383
4016
4101
7955
3903
4174
4475
10149
6002
8822
5889
7258
4335
7101
9909
4135
4983
5430
4223
7904
4021
6182
7807
5231
7598
6367
4331
6611
4476
4164
7155
9841
4054
4482
6044
4800
6656
10058
4094
7132
4316
5758
4104
4728
5025
4951
5563
5793
3955
7072
7060
3918
4774
7186
7681
4279
5423
9880
4040
4144
5765
4660
4941
7084
6744
7399
5873
6897
4473
5113
6263
4324
5384
9022
4895
5714
9056
5405
7747
3930
4553
5347
4546
10101
4747
7691
8086
3929
4510
6066
6881
5090
6192
7469
4001
7533
8320
4291
4653
5262
5365
4461
4018
5615
7475
7893
4149
4437
4685
4435
5670
8283
4026
7397
8019
4084
4475
5072
4287
8836
7743
3965
5461
6274
6239
7555
9889
4754
5474
6259
8099
9974
3940
4907
9017
4338
5389
5791
5213
5931
4330
4702
8053
4235
4775
8244
6797
10219
6756
4158
4564
4917
4054
5626
7102
4673
4802
3996
5601
7334
4928
6182
6506
4059
4127
7860
8436
4738
7413
7531
5293
7593
10145
4550
6665
7712
6851
8252
4512
5796
6799
4743
6569
7964
5010
5676
5937
3946
5103
7780
4565
8800
7980
5893
6520
8030
10041
8520
6600
6729
4903
5101
4707
8112
3993
4178
4287
6556
4091
4317
9195
8225
8700
4253
4344
7120
10009
4353
4875
4010
4632
6937
8718
7182
7281
9961
7100
5252
5557
7730
4570
4806
7021
6437
7160
10102
4007
4009
4495
5018
4012
7856
8279
4662
4677
4328
4878
4283
9398
4001
6144
6759
4073
7188
4962
5524
6502
4221
4348
4986
4082
4478
7447
4128
5319
6397
5233
5932
9921
4755
9912
6247
7801
4711
8838
4804
6727
10173
6685
7344
6080
7790
4048
4482
5004
9971
4364
5963
4020
4876
5067
5879
5181
5316
4756
4839
5662
6600
4666
5901
6890
7043
5006
5708
4954
8261
4752
5066
7287
4165
4232
5600
7193
5202
5244
5141
6401
9941
5728
8629
5881
7266
4371
4738
5575
7646
4628
4767
4925
4206
5298
7145
4833
4522
6263
4009
7579
9201
4275
4837
5466
5226
6505
8029
6495
8674
8160
8235
4788
5874
9817
4090
6717
4363
9955
7885
4116
5279
10124
7935
5554
4387
4924
5193
4318
6940
8395
5494
5869
4833
7541
9397
4205
9811
6394
4060
7971
4558
10205
9987
4355
4764
5228
5582
5956
6462
4365
5100
7400
4047
4112
5047
5164
4306
4574
4898
4096
4724
7012
5625
4832
5053
5109
5256
4048
5233
7573
5979
6514
4261
4507
4388
6839
9887
4305
5816
5080
5957
9843
4525
7048
9962
5026
5749
4112
4831
6374
5104
4567
5000
8896
5613
6901
9828
4813
6719
7425
5101
5404
7198
6046
4263
4271
5095
5419
5577
6397
5495
6294
4615
5346
7368
4643
7866
5864
6730
9994
4297
4402
5079
4130
4891
6172
6179
4928
9844
10103
7318
4941
5351
8129
10041
4592
5179
8074
5128
7054
8140
5240
7134
4212
4263
4454
4722
5843
5927
4626
5433
5138
7472
4677
8946
10049
4177
7359
4569
7828
8178
8514
10068
4190
4883
8661
4126
4182
5938
8251
6704
7978
4605
6985
4787
5072
5546
6894
7230
4130
4180
5219
5839
7022
10037
5031
5812
6362
5034
7062
8705
5130
5701
7353
4838
8056
4358
4419
5134
5875
7789
5733
8563
6179
6916
4724
6493
4585
9088
4411
5550
4933
5102
6293
5282
5189
10019
5306
5706
5354
6687
7938
4832
5059
5109
4143
5308
8749
4329
6472
4751
5177
6777
6529
7929
4207
5334
8372
4515
5195
6513
8704
8366
4340
5310
5652
9881
5048
7678
5823
7855
10123
8765
5291
7458
10208
4228
6129
8457
4380
5547
6200
6086
6093
6642
9081
6431
7302
7268
7770
5893
8045
9165
4182
7495
4532
9122
6381
5175
5513
6243
4740
6476
4915
6415
6948
5008
5094
6201
6258
4236
7744
8231
9850
5430
5381
7837
5049
5803
6461
5471
5657
6345
4520
6376
4335
4644
6659
6948
6131
6203
7678
6697
4890
7902
5980
6591
8153
4644
4586
5085
8203
4897
5133
4494
4852
8701
5200
5233
8610
4489
4663
9029
9805
6758
6010
6131
5140
6808
6791
5244
5856
4375
7454
6901
7911
9789
9024
7670
4345
8724
8355
5767
10010
6042
6182
6868
7223
4760
4768
5409
5631
4623
8703
4799
5326
5424
5958
5591
8751
6379
5576
10150
5514
6882
7593
4703
5088
5685
6172
4759
6136
7545
5997
7261
4499
4547
4991
6875
4391
7255
8698
10042
5061
5606
6020
4373
4848
5850
7280
8547
4285
4299
4766
6314
4336
7386
9273
4298
4356
6463
5691
7311
5629
7906
4731
5282
7925
4814
4843
5637
5670
4709
5226
7666
4261
4507
4844
6491
4297
6409
7166
5797
7277
7577
7009
9904
4897
6543
7196
4336
4970
5735
5943
5119
4509
5353
8993
10059
7593
7446
4566
4940
4298
4356
5856
4263
5511
8687
5344
5913
4574
4721
6447
7864
5424
7634
10025
5105
5208
4573
4579
5154
6853
4635
5139
7074
4812
5652
4321
10048
4844
4867
5877
4568
6189
5739
5343
5432
7834
6751
7812
5535
7497
8488
5006
5355
5708
5864
7465
5201
6928
7841
5533
7382
7129
7660
4240
6673
7662
4272
6682
10154
8134
6699
4861
4995
5553
6765
7798
4247
5549
5892
5776
4904
6025
6131
5000
7697
8388
4326
7495
4643
6269
5984
8282
4755
6896
7140
4395
7283
5057
5909
4335
4736
5059
6123
8138
10008
6681
7507
4304
5241
6309
4501
5861
4874
6646
5817
7518
4292
5037
8893
5160
4280
4777
4271
6286
4561
4414
5403
4339
8600
8874
6694
6333
7379
4471
7632
6610
6690
8004
8651
6286
4455
4473
5849
5954
5337
8244
6835
9932
5904
8746
10027
8953
8070
4443
7053
4504
8502
8684
9285
6833
7260
4433
6079
4976
10105
5066
4349
5068
5400
10064
5050
7118
4535
4798
6005
7347
4653
5038
6305
5503
8386
5076
10145
5440
4908
6885
4402
7225
7713
4845
7693
4382
6505
7670
4896
7697
8149
4414
6125
7996
4903
8402
5779
8075
4721
8111
9269
5395
8519
5195
5927
4702
7174
4340
5234
7684
4477
8304
5588
6188
7271
4627
5590
5647
6055
5369
5758
4838
6053
8801
4730
6940
5314
10007
6056
7559
7431
10046
4355
6680
6854
4816
6460
8824
7685
7796
9003
5478
6812
10240
7838
4700
5808
8617
5614
6524
4871
5003
9009
7006
4376
4873
5693
9812
5024
5447
6453
7172
7407
4437
6603
5035
7715
6334
7119
7027
7299
5694
9895
4980
6613
7511
4657
5685
9997
4867
6101
8022
8308
10065
4943
4993
5330
7908
10187
5456
6879
8947
4778
8599
6388
7396
8107
5465
6851
4419
5450
6151
6816
5375
6805
5390
6959
4496
7901
5772
7577
7001
7233
6964
7685
8685
6414
8706
9992
5073
6545
8969
5495
6033
4965
7019
5837
6084
7950
5706
5813
7154
4580
4872
5247
9268
7067
5281
5716
7651
5302
8029
4941
6104
6150
7660
8471
5035
6712
6829
4442
7622
10136
4876
5266
7127
4474
8413
7743
4938
6966
4502
7298
10043
6044
4593
6692
8431
5005
5534
5912
5994
10191
5142
8234
4737
5889
7274
10226
9273
6859
7585
7623
5137
5052
9311
4466
8194
8347
8285
5211
5958
8977
9879
7601
7799
7294
5532
5754
7176
4860
5118
6901
9827
6462
7348
7445
4854
4914
5641
7844
4588
5314
6610
10007
5619
8923
5343
6213
6721
5665
6195
7433
5789
4894
6584
5848
8007
8599
5394
5810
5431
4534
5491
4904
5578
8115
4436
5163
5773
9396
6229
6871
4714
4791
8310
7355
8869
6517
10053
8338
4974
7085
4594
7581
5131
8110
5517
5680
6629
5635
5536
5998
4795
5277
8489
4496
4868
9966
4939
5821
8437
4536
6171
9976
4673
5566
5606
5410
5997
4754
4794
5474
8229
4817
7858
5036
5668
8538
4722
6553
6714
5152
5583
5786
7365
4667
6042
7389
5270
8897
4927
8646
4609
7548
8710
4816
6505
7821
4882
7073
8193
7635
10146
4975
5775
5362
8286
8905
7366
8165
6404
7184
8528
5309
8554
5255
9860
4919
8391
4712
8850
5115
5582
6388
4537
4729
5386
4505
6002
5908
7128
4949
5288
6280
6046
6450
8220
10021
4879
5608
6776
4727
4873
5834
7781
8466
4929
5512
6057
4843
6267
4641
5138
6208
7913
4630
6915
7290
9962
7022
8948
4864
7904
4545
5069
4597
4982
7492
5556
6305
7469
4658
5086
7272
6530
5861
7353
5163
6800
5815
6002
7129
7369
4750
8974
9925
4514
10166
5570
6157
8901
5336
7408
8533
5076
7749
4607
7189
5911
6799
5123
5634
5559
10167
4596
5294
9937
4614
7046
4611
5698
5718
5724
4714
4791
6512
5223
6373
7296
6934
9074
4622
5784
7665
8543
5789
10014
5692
7203
7658
4987
9002
5275
6494
6052
4529
5388
8469
9853
6357
5230
6408
8695
7856
5799
7658
7558
9216
9975
6868
8054
4967
5031
6155
5496
6441
5149
4596
5459
5776
6442
7017
7772
5077
9826
4742
9824
4959
7310
6392
7036
7283
4809
6902
7392
7827
5070
6185
6416
4591
10215
7048
7092
4742
7418
4943
5358
6949
6525
8139
5611
6904
4706
4708
6107
5321
5359
6153
6981
8815
4686
6221
6521
6869
7705
8150
4669
4929
4798
7240
8667
5151
5191
8182
6290
4940
7742
5041
5333
6189
6579
7214
8763
5700
7775
6688
7635
8166
6862
5154
6934
6977
7602
9922
5747
8078
4923
5434
9830
4743
9113
5926
7766
4872
7327
8673
4990
7172
7660
4799
5157
8556
7009
9918
8398
6987
9327
7738
5149
5223
7977
6198
10097
6066
6928
5361
7806
5198
5852
6933
4811
9938
5080
5392
6764
7434
8354
7770
10090
4678
5475
6902
5058
8961
4925
4964
5571
5869
7728
8100
5826
7328
4921
6061
5516
7601
5368
8895
7420
8447
6080
7246
8183
6992
4626
5011
6350
7161
8573
4690
5774
8644
4669
4815
6791
4992
6468
5390
5909
5454
5851
5318
8304
4710
6934
8254
4954
6196
5926
8421
6106
7366
4800
5272
6113
6577
6355
7449
9961
6697
6937
9945
4913
5863
6138
4637
6670
7892
10230
5768
6086
7055
4716
7218
6163
8069
5413
6209
6846
5289
7038
5138
4679
6445
6689
8258
6508
5042
5655
6091
6462
5978
7254
8068
8503
5292
8190
4662
6746
7649
5281
7482
8985
6192
7469
5711
6330
4902
7633
8831
5362
5788
6952
6274
6420
4991
5994
5832
6322
5183
5625
7084
5804
5916
7490
4912
7242
6740
7466
6057
4984
6572
6775
8213
8856
5112
5122
5275
9243
5190
6129
7894
6007
6375
6520
7762
6806
8595
10115
10130
5566
4692
10185
4892
5348
5919
5054
10048
6913
9101
5533
6885
5720
5962
6519
5687
7734
4706
4996
5122
8302
4767
4925
5222
7732
6300
7727
6250
7711
4785
5621
6095
6319
6952
8581
5845
7173
5543
6981
5168
6867
10181
5960
10184
7768
7687
9931
6388
6838
10222
5940
6146
8436
10017
4758
6862
7014
6647
6974
8170
4752
6059
7429
8061
8740
9417
5761
5865
8998
5408
6823
4996
6107
5082
7160
10045
6704
8476
7912
8990
5987
6490
6381
8726
4953
5887
4990
5596
9083
9232
5105
4905
6147
8177
8990
4900
5639
8452
9434
5506
8585
9407
7581
5111
5346
6046
7102
7573
9453
6570
9808
5386
6403
7526
5609
4986
5364
5327
6037
7270
4748
4782
5324
6508
7678
4898
5853
6592
5109
6232
5973
8158
4891
6627
6409
6502
5347
5599
9096
5899
7735
8326
9902
4747
6922
9936
6923
8647
5015
5768
7788
9926
4977
6703
7128
10029
6044
6917
6852
8450
5903
6523
5073
9260
7806
8548
7210
7704
9947
5373
7089
7371
4851
5145
8958
5441
6402
4785
8136
6475
6854
7960
5419
6565
5643
7386
7188
5040
7115
7148
8017
10139
4915
5982
4863
6065
9869
6547
7264
5480
7438
7987
5012
8806
5074
5148
8926
4844
7325
7662
5164
8083
6203
7074
5097
6486
6666
7446
8200
9119
5485
6481
6372
7717
5287
8572
9972
5669
8743
5960
7253
5620
6608
5801
6498
6105
9937
5557
6076
7690
5222
5249
6745
6965
8633
5799
8741
6282
7568
4847
8145
8008
4944
6957
5828
8021
7719
6354
8772
9065
5292
5803
5993
5434
6251
7992
5116
5081
5197
4938
5056
6607
6779
4869
6052
5190
5970
10161
8498
6560
6897
6390
7151
10176
6529
6618
8501
4973
7846
9213
5829
6308
8317
4934
5703
8468
6332
6596
5020
5627
7023
7132
6165
6460
6831
7535
5322
5429
5991
10132
4880
5463
6758
7200
7455
6421
5487
5800
6384
7192
5660
7306
9309
5142
7942
5633
5368
7675
9882
5276
5672
6033
4878
5221
5276
5348
5412
5919
6278
5308
5382
7657
4880
5433
6911
5209
5260
8124
6146
8403
5479
8152
5145
9330
5871
7956
8637
8742
6155
6362
8594
5833
6587
5682
5836
7813
4961
5089
5665
10226
5498
5974
6252
7657
5769
7122
7815
4989
7311
8591
6921
8298
6547
5093
5168
8304
5069
7943
4905
6100
6737
8193
4968
6834
7014
5051
6735
4899
4920
5944
10164
7800
5348
5493
5608
7532
9242
4956
6656
6186
6951
5972
6571
7895
5393
6389
9280
10085
5090
6653
7886
9885
5368
6990
9859
5462
6889
7485
10235
5231
5721
7598
5479
6097
4947
6939
5348
5982
6151
6988
8604
6981
7302
5187
5297
8932
5390
6977
9026
7917
9323
6406
7842
8775
5723
10177
5569
5637
5880
5390
5314
8520
6488
8206
5261
6134
7751
4978
7250
7431
9967
5366
6319
8442
5516
7933
7960
9861
6133
6609
5151
5446
8541
5766
5931
8031
4934
8511
6268
8602
7583
5313
5394
5724
10179
5166
5266
9247
4945
5250
7818
7925
5820
8212
6901
9791
5350
8731
6847
5113
5334
5557
5263
9212
10206
5320
5442
7114
5707
7765
6880
8140
8597
7065
5114
10016
6008
7227
5664
5207
5597
6426
8042
6198
5124
6622
7352
6522
8012
10143
7242
6196
5660
7430
10229
5560
5116
5873
5264
5738
7743
8686
5367
5490
5089
6349
6579
7885
8372
8993
6035
8291
5171
5822
6411
5806
5832
5003
5201
5484
5596
6786
7950
7519
7586
5027
5370
6702
8776
8974
7474
4988
4998
10092
6102
9968
5867
9144
5896
6190
7398
5100
5517
5680
5772
5331
7795
5271
5470
6067
6572
5364
6022
9961
7702
5942
7193
7281
7283
5300
5669
8437
6949
9363
7248
5553
7049
5507
6326
5987
6760
6560
10093
5155
5568
6738
9991
7785
7941
8137
5329
6442
7523
7661
5570
5968
6294
5094
7528
5180
7740
10169
5377
6602
5079
6419
7826
5220
5875
5212
5252
10183
5137
5285
9816
5848
6646
7748
9351
5176
5470
6016
6291
6829
5633
6806
10130
6570
6198
9095
6289
6136
6679
5091
6389
10085
5081
5617
5305
5544
5908
7168
8914
7356
6163
7562
5376
5432
5865
9473
7922
5756
5311
5455
6798
7738
5621
6371
9163
6636
6878
7149
6069
7705
5655
6041
8299
6589
8841
5278
5339
5508
6974
5785
6380
6655
5529
7144
5164
7028
6897
7590
7850
6039
7764
6064
6483
7200
10060
5569
5578
5255
5652
7554
8025
5131
5974
6005
6709
5312
7069
6142
6728
5237
6777
5284
5514
7120
5208
5291
7429
5193
7163
9030
5400
6092
7491
5599
9955
6251
7642
10005
7121
7297
5633
8006
10209
5293
8377
6499
6707
5120
9601
9988
6662
6204
7230
6329
8112
8243
5313
5715
6040
6454
7998
8301
5186
7078
5592
7607
9959
7040
7303
9834
5408
9884
7000
7351
8505
10084
6710
8383
7086
9058
5377
6644
5570
7633
8160
5686
6297
8072
9181
5340
8068
8434
10226
5710
6101
5460
7460
8051
6071
8081
5445
9063
7049
7229
6327
7604
8815
6268
6489
7597
8476
7543
5346
8459
5703
7764
10017
5684
7565
7590
5907
6339
5769
8204
8415
5169
6492
6767
8472
5634
7294
6572
5429
5191
5265
5558
5705
5885
7264
5172
7614
6295
7538
8604
8719
8485
5276
5534
5968
6278
6728
6855
8877
8478
5285
6206
6946
7942
5661
6582
9851
5674
6625
6560
7111
5227
8915
6325
9054
5891
6814
8618
5983
6446
7284
9870
5416
5565
10197
5267
5936
7700
9990
6242
8876
9043
8198
5387
6170
6973
5325
5352
5166
5301
7799
5425
5944
6563
7244
5225
5290
5399
6798
6105
6293
7846
9084
5507
6651
7521
7615
9906
7837
8016
8828
6831
6917
7783
6245
10057
6352
6703
9869
5417
6347
7029
6226
8074
6320
10019
5996
6647
8040
5245
5248
5619
6893
6104
7301
8148
5458
5771
6031
7210
5976
6288
8331
5900
7026
7539
5984
6689
6628
9996
5265
9093
5754
5768
7855
9907
5353
5374
5786
6709
7833
5294
8682
5617
5897
6907
5529
5852
7692
5266
5798
6038
6690
7345
7573
8216
9226
5401
7349
8039
5702
6422
10103
9228
9790
5597
5818
7058
5428
5484
5850
5345
7904
9003
10196
5273
6602
7098
5564
6130
5224
5556
6898
10091
6943
7941
5359
6153
6596
6816
6627
9916
5605
5276
6145
6325
8951
7468
9833
8058
8006
5834
6475
8733
6032
7535
8417
8670
6091
6073
7367
9984
7049
6716
8782
5414
5914
5717
6240
10023
8162
9180
5442
6089
6848
6667
8856
10119
5521
6549
5989
8224
6836
7879
8770
5338
7460
7935
5446
7734
7853
6984
7682
6506
8805
6841
7974
6145
6378
5743
9198
9804
7341
9156
6402
6790
8480
5344
5398
6064
6675
9898
9903
9157
7475
7547
5495
7286
7947
6699
7995
8052
8195
8424
5364
5512
5742
6219
9298
5936
6490
6205
6504
6657
5950
6379
6388
8342
9883
8115
7082
8048
6096
6941
8481
5801
7915
8612
5683
6739
5574
5781
6063
5388
5792
5504
7114
8782
8725
6628
5824
5935
6430
8996
6160
8026
6174
7081
8271
5482
7966
6280
5649
7076
7105
10067
5838
5378
7359
5776
8547
8550
5464
8059
8426
6271
7990
8533
5953
7777
9773
9966
5399
7100
9008
8748
5906
8003
9760
5370
8626
9167
5561
6208
6276
7935
5947
8546
9332
5455
7204
7069
6908
10178
6054
6507
8040
8507
6581
7955
7168
7490
8567
6464
8510
7431
7617
8102
5951
7549
5352
6215
7740
8011
8272
8284
5360
7667
9770
5766
6014
5503
6470
7174
5639
5677
7105
7503
6069
7161
8535
10100
5353
8409
5466
7845
8892
5537
6063
8040
5898
6111
8330
5918
6076
8088
5659
6081
6654
6865
6187
8389
5398
9516
7080
7598
8004
8087
7414
8030
8272
8313
9247
5853
6655
5481
6782
7326
10108
5566
6729
8783
10204
5578
6528
7150
9027
5695
5980
8692
10055
6774
5396
7531
7973
5857
6649
9013
8070
7018
7790
6485
5802
6110
8708
7517
7788
5917
9148
5753
7045
5813
7319
8377
6999
8723
7457
7832
6807
5876
7476
8879
5843
6121
8165
6476
10104
5728
8629
6170
5792
5422
8794
6797
6600
6654
6257
5698
6040
5699
5718
7044
7520
7354
9144
9845
8425
5531
5955
6645
8984
6357
8566
5729
6965
5542
7198
10135
5630
6001
7056
7439
5457
8758
8441
6636
7017
7213
5476
7344
6052
6238
7257
6132
8171
6002
8222
9892
7165
7042
8424
7415
5570
6360
6034
9945
7151
7622
7656
6453
6394
10197
6282
10244
6458
6624
9847
7975
10146
9040
5509
7947
8483
7624
10131
5540
7035
8086
8228
5441
5580
5740
7640
7672
8463
5528
6264
6585
8956
7227
7476
7533
7642
6394
6758
8704
5467
7972
5750
9302
6162
6315
7289
8855
5809
7103
7496
8100
5601
9387
9387
9927
6571
7383
9164
7921
8034
5653
5667
8310
7596
8990
6084
5851
6828
5555
5905
7046
7349
7094
9228
5489
5949
7612
5561
7400
8035
5930
6627
5979
7713
10234
6374
6911
8706
8331
8406
8847
9266
8985
6161
9190
5670
6147
6926
6597
7060
7079
8270
6033
5996
6425
6921
5918
6072
6913
7863
6469
5600
5493
5986
10098
6097
5975
6135
9317
9016
10109
9099
9458
5509
8756
5683
7395
5800
6625
5736
5945
5984
8830
7025
5632
5790
7493
7856
7110
10013
10099
5855
6294
5712
5828
6711
7911
6455
8852
6075
6769
10074
5735
7183
7605
8473
9414
6245
6904
9237
6723
7479
5725
7890
10029
6326
7651
5844
6496
6640
8826
5680
8687
7925
6152
8009
8872
9008
6768
9192
6377
8434
6479
5899
5760
6021
6754
7552
8025
9031
8991
7479
9183
6084
6018
6115
8566
8300
8390
6292
6753
7576
6278
10049
5998
8078
6041
6541
7224
6296
6568
6743
5657
7720
7761
10136
7480
8311
6861
8715
6477
7294
5576
10131
7111
5642
5722
5751
8503
5892
7306
7694
5645
7540
8356
5757
6517
5626
8610
5833
6477
7294
6852
5705
7222
5889
8019
7460
7706
6013
6464
7487
7352
7372
8394
10196
6835
6872
7179
9913
7573
6724
8877
7774
5781
6330
7613
8275
9046
7524
8173
8454
8534
10233
5741
6573
6114
6185
5778
6800
7356
5684
5834
6312
6682
5612
8407
6909
8479
6983
9848
9036
8350
5745
5961
6024
7139
5647
6180
6859
6617
8666
5920
8047
6546
8280
8352
5780
8592
7981
8757
5787
6262
6382
7116
9956
6301
5878
6085
6544
8189
6591
6705
7506
6377
6806
8595
5875
6655
6855
6392
6338
7118
6299
7515
6094
5730
8121
6577
8419
7908
5821
6468
6603
6169
6750
5842
5990
6523
6540
7978
6858
8869
5841
7487
7076
7998
6158
6371
5648
6670
8539
5644
5808
8041
8195
8408
9046
7969
5809
6570
6883
6522
8647
8708
9877
6205
7115
7591
6618
7513
7053
5645
5797
5969
6147
5814
9797
6637
8734
5949
6031
5806
6155
6444
6566
8784
6314
7325
8399
6193
8535
6203
9808
6990
7018
7045
8090
6082
6852
7730
5757
6986
6083
6212
5667
6732
8799
6984
8860
5942
6765
7193
10107
5840
6809
6127
7739
5777
5985
6223
8732
7427
9763
5777
6349
6600
6664
7426
6139
7949
7214
10227
9244
8345
10075
5939
6133
6235
8318
7355
8325
7028
9313
7829
8631
7030
7070
7663
8862
7377
7694
6637
6701
7628
7047
8118
9168
6210
6973
7385
5728
5897
6734
7978
6563
7071
8764
9996
7076
7365
7998
5884
6109
5925
6033
7280
5868
6103
6818
6924
9485
5834
8733
5820
5830
7177
8131
8697
5803
8047
5934
8046
8519
8658
8949
6422
7563
7718
6660
8956
5965
6010
6747
9155
6058
6338
8437
5875
7921
8946
5733
8767
9848
6536
6561
7789
6391
8378
6813
7413
9293
6908
8515
7857
7588
10024
8368
5733
6458
7550
6165
6700
5751
7215
8546
7543
10176
6992
8296
9132
10028
7194
7505
5846
7628
6484
6275
8122
8893
7668
10128
5992
6153
6285
6335
8021
6870
8390
5863
6174
6176
5756
6774
6712
6093
6206
5929
6948
6030
6448
7381
7659
8092
5882
5895
6405
6270
6332
7185
8325
5886
7037
8101
10148
6204
6370
5860
6449
7107
8595
8971
9202
9986
5878
6422
7055
7383
8338
6618
9047
5854
6087
6650
8662
6058
7300
9473
6322
7443
7920
5831
6116
7665
8890
6471
7902
8947
10234
6130
9288
6533
7193
8351
7288
9277
6009
6649
7879
8747
5966
6356
8959
6768
7112
7229
8866
6514
7046
7702
6349
5805
6311
5825
8236
10159
6213
6484
7521
5915
6017
6220
6539
8028
5987
6116
6855
7541
6236
7201
6262
7273
8308
6754
7564
6358
8123
6693
6871
6839
9888
6650
8244
7117
8118
8473
8513
6225
9295
7127
7159
8860
7444
8207
8537
8831
6688
8524
8534
8814
9114
6757
8226
5964
6766
10179
6367
6070
6021
7359
8119
8502
10061
7175
8627
6876
8614
6297
7058
7195
6390
8416
6399
6429
5920
6436
6645
6049
9021
6534
7679
7862
9430
10158
7613
8900
9117
6382
8327
8694
6429
9896
6464
8729
9127
6025
6587
6321
7984
8686
6578
7205
7723
7391
7757
8410
6719
8571
6877
7853
8923
6674
6863
6460
7366
6119
6183
7335
8467
6169
6828
5866
6145
8311
6271
8933
6500
7038
6256
8365
6644
5895
6844
7940
7642
8320
7734
8107
6009
8487
6008
6729
5937
6089
6724
8957
10073
6174
8609
6817
7514
7277
7676
6170
8494
7623
8246
5955
6108
7948
8706
8833
9206
7590
6598
8420
5947
9445
6022
6364
6491
6318
6422
7903
6100
6613
6986
7266
5961
6076
8559
6154
7223
7655
6109
7380
7951
6434
6615
6926
6837
10147
6247
7130
6629
6876
7761
8614
7397
5941
6197
7968
6074
9556
8576
8683
6375
9259
7893
8332
6792
8486
6968
7280
6111
6633
8324
10051
7277
7676
9757
6775
7647
6467
6866
8430
6540
7140
6838
6960
7414
7529
7792
7735
8288
7168
6381
8726
9246
9795
6559
5986
6573
6048
7330
7418
9030
6292
6410
7652
9156
6267
6687
8098
6150
8092
6090
6975
7050
6853
8179
6078
6121
5936
5950
7699
7483
6533
7395
6103
6763
8489
7044
7778
6478
7584
7949
6860
8440
9265
6133
6550
8319
8305
8737
7276
7695
8591
10106
6589
6624
10165
6870
5967
6569
8456
10159
8656
8749
6244
6358
6369
8123
9213
7991
8119
6131
8335
9208
8794
9965
7192
7488
9823
6436
7842
6184
6598
7763
9000
6332
6404
6845
6110
8088
9014
7167
7901
7361
7906
6010
6031
9282
7964
10158
8156
6306
7540
9240
8443
9428
7776
7481
8071
6548
7811
10227
7339
6623
7362
9389
7318
7713
7754
7901
7459
8657
6446
8980
6785
6062
6167
6189
9245
6039
6542
9184
6666
8314
6674
7006
8259
6313
8134
6032
8047
6473
7937
8382
6500
8127
7261
6882
7212
6339
7808
6043
6321
6451
7401
7724
8493
6521
7499
7240
8071
6140
6395
6700
7002
7416
7498
7829
8651
10034
6337
8432
6596
7538
8087
7687
6130
7523
8303
6715
7245
7831
6067
10057
6193
6678
9014
6887
7610
8659
6070
8639
10231
7791
6058
7319
6683
9394
6235
6537
6550
6258
6991
7528
6771
7269
9077
8010
9784
7479
7608
6219
7505
8936
6313
9946
6477
8605
10180
6741
7667
7077
8155
7436
7800
8673
6045
6457
8686
6917
6849
6916
6139
7027
8453
6057
6292
9145
9911
6108
6513
7579
6061
6423
7583
7822
6671
6113
7217
9498
9783
6857
10028
8361
9940
6281
7224
6081
7278
8127
7232
8057
7043
6756
6737
6927
6987
8232
6126
6993
7343
6884
7632
7863
8778
8680
9393
7341
6087
6447
6556
7726
6367
8082
8828
7873
6359
7076
6261
6634
6318
6912
7190
8063
8486
6842
6984
7185
6998
8913
10155
6228
7491
8230
10000
6305
7812
7940
7070
9028
6454
7320
8619
6848
6335
6706
7308
9050
6408
6668
6700
9254
6374
6436
6616
9104
7811
9224
6287
6331
7192
7488
7239
6503
7910
6357
6585
6672
6334
6973
6628
9997
6496
6677
6368
6609
8576
8603
8082
7220
7501
6825
8589
8813
8008
8288
7872
7924
8492
7067
8580
9060
8333
6344
6601
6699
7594
6424
7186
7256
9422
6218
7482
9148
8645
6611
7374
6229
7091
7423
6222
6443
8120
6919
10077
6725
6196
6383
9899
8139
8140
8421
7119
8508
8929
9969
6669
6770
9979
9421
6222
6443
6620
8823
8882
6319
7024
10082
8385
6748
9999
6546
7696
8460
7171
7182
7421
8583
6168
9493
10121
7366
6219
6343
6620
7278
8823
7870
8840
10122
6227
8494
6199
7312
6420
6457
6576
10225
7081
6639
7333
7564
10014
6202
7886
7156
9467
7157
9465
10155
6476
6859
7592
8048
6362
7699
7933
8213
6326
6484
6734
9818
6251
7910
6562
9017
8228
6489
7109
6620
8163
8757
7112
7276
6640
7257
8303
6400
6564
8323
7834
9976
6417
6632
6644
7574
7988
7166
7231
6266
7268
7559
6276
7913
7927
8171
8293
7147
8818
6365
8176
9881
7124
6230
9425
10144
7631
7740
7872
7949
6231
9424
10137
9089
10144
8363
7040
7746
6966
7131
6424
7214
6865
7388
7532
8211
8584
6306
8949
10043
6450
6534
6750
8308
8843
6693
6753
8622
8844
10143
8622
8845
10138
8217
9303
10247
6256
6554
7144
8151
6906
7510
8350
9964
7376
8997
10084
8507
7080
6819
6808
6986
9801
6979
6400
6564
8965
6641
8299
6755
9207
6324
8501
7502
6811
8386
10073
7774
7481
9379
7422
7985
8780
10086
6549
7489
7715
6554
8365
7379
9280
6405
7988
9312
8199
7631
7858
7610
8013
8952
6387
6599
7976
8756
8023
8413
7917
7934
9091
6596
10204
8060
8391
9511
6428
6633
7267
8068
6939
6733
8043
6815
7849
7050
10248
6658
7739
10096
6413
6423
9043
10163
7358
8093
6378
6745
7233
8079
6313
7330
7490
6331
7884
8027
9509
6799
7206
8800
6597
9173
6753
7346
8194
7897
7195
7833
8301
7079
7515
6456
7895
7348
7626
7016
6804
8148
6606
7559
7580
8790
9576
6428
8034
7005
8402
8530
6371
7180
8136
6688
6821
8713
6631
7284
9257
8231
8298
6480
7407
7560
7248
8755
6982
7303
9119
7231
7740
10018
8290
8575
6718
7554
7929
6386
6590
6677
7639
8142
8444
8245
8542
8609
7160
7920
8090
6439
6764
6542
7408
9879
8593
7016
7550
6659
6674
8425
6593
8477
10238
8318
7660
7299
9466
7965
9222
9316
6624
6925
6983
7461
7587
6601
6810
7450
6575
6942
9983
7135
9578
10152
6398
6477
6579
7098
8423
6684
10008
6432
6970
8336
9334
9543
7231
7439
7943
6778
7412
7008
8173
8798
7825
7952
6595
7064
7980
8304
6384
6851
8027
7004
7675
8802
9070
6641
6663
8023
8097
7292
8083
8522
9075
6550
9309
8186
7676
8066
6407
7894
6635
9486
9900
7555
6589
7548
8841
6590
6762
6841
6535
7502
8044
6570
6766
7722
6402
6875
6960
7012
6474
6519
6772
7141
9588
10117
6417
9981
8190
6430
7803
9450
9942
7285
7654
8054
6845
7184
6602
8481
6911
8145
7075
7669
6899
6645
6900
10190
7039
7831
6983
7700
7733
6972
8014
8202
8582
9813
10223
8105
6445
6581
6582
6939
7310
6515
7508
8114
7274
10227
6439
8016
6427
6601
6846
7195
6938
8694
8122
8190
6534
7783
6648
7973
9214
6962
9001
7303
6547
7264
7317
6518
7997
7652
9410
9838
6817
8528
6764
8127
7864
8585
10199
7228
8178
9780
9336
8879
6566
7202
7267
6581
6885
6742
7222
7602
7890
6722
9093
6652
6763
6534
8645
6705
7056
7402
6725
7932
8274
8305
6679
7419
9423
7061
7945
7769
6916
7310
6563
6861
7882
8126
8776
6897
7456
7225
7624
6497
9078
10156
6887
7178
7252
8659
7357
7994
8381
8437
7355
7556
10187
8800
8736
8506
7165
7374
9014
9453
10080
7508
7783
6695
9767
6708
6771
7289
6494
8085
6523
6863
8999
7232
7496
7521
6702
8926
6666
7966
9291
7368
7561
8349
8653
8793
6683
10166
7434
7521
7526
8335
8085
8043
8212
9783
7832
7248
10157
8062
6707
6804
6921
7038
6614
7458
8135
6756
6724
7809
8414
9057
6671
8099
8588
7074
7445
9433
8429
8554
8440
6608
9201
7541
9152
7371
7645
7772
6850
6878
7814
6700
6899
8233
8677
8844
9021
7865
8494
9764
9203
9284
8845
7806
8287
10232
7929
7742
8137
7234
7818
7792
8435
9781
7798
8337
7468
8582
8629
6580
7308
8179
6738
6802
8404
9840
7316
8299
7411
7551
7755
8281
8745
7535
8080
7032
7513
8225
8665
7438
7958
10050
8319
7136
8982
9943
7271
8093
6714
8644
8321
8572
7273
7530
7287
8063
6989
7493
8263
6583
9179
7232
6588
7483
8633
9030
8009
7008
8894
9118
9365
7626
6587
7876
7625
8147
9419
6686
7304
6732
6826
6942
6748
7090
9510
7082
8479
7207
9129
10193
8032
9120
9425
8989
10087
6660
6675
6605
9120
9424
7876
8250
7467
9502
6736
9026
6796
8551
7887
7970
7534
7545
9270
7085
7474
7502
8042
7341
7162
6864
7034
8994
9218
7559
10128
6779
6820
7251
6794
7306
9309
9342
7002
6852
8535
6782
7326
9086
7317
7164
9679
9993
8045
9289
6774
7595
7708
7924
7707
6715
7666
8022
8017
9250
7023
7616
7925
7918
10136
6891
6706
6784
7067
8105
8580
6938
8324
7908
7116
7747
8601
7997
6744
7221
6978
7722
10176
7625
7638
8001
6974
7599
7132
7190
7677
7015
7465
7701
8264
8632
8862
6751
7812
7726
7940
6767
7857
7623
6839
7492
6758
8019
6882
7809
8482
7067
9185
6674
8258
8167
8736
9000
7453
7146
6881
9077
8314
9057
9906
7002
8695
6892
8315
8753
9116
7963
9856
7664
9903
6765
9396
7703
9167
7165
6720
7393
7396
7246
7873
8049
8448
8070
8966
6825
6858
7344
8485
7470
7876
8155
9298
7208
7883
8292
8885
7692
9222
7288
7855
7348
6780
10203
7068
8198
8955
6857
8607
7683
8131
10055
7634
8129
6784
6955
7447
8366
7462
8445
9344
6771
7946
7657
7404
7463
7122
8326
8596
7715
7794
7870
9874
6820
7936
10065
7698
9865
7796
8902
6809
9149
8721
8389
8689
9140
8222
7891
8889
7092
7205
8248
8630
7053
7214
10035
8786
9995
6801
7542
7825
7952
6826
8799
6985
7328
7335
8476
7850
9902
7075
7073
6802
6848
8489
10204
7466
8493
7146
7222
8143
7221
8842
6980
7291
7748
7472
6944
8298
8399
8062
9403
8152
9449
7855
9246
10056
8719
8170
6919
9814
6762
7350
7138
7170
7286
6893
7350
7623
9302
7537
7361
9071
9476
9561
9564
10075
6877
7575
8753
7165
8913
9394
6801
8943
6885
8206
6970
7365
9149
8988
10202
6894
8582
8629
7723
7993
6873
7217
9173
6955
7284
6954
9264
10019
7981
8124
7698
6956
7284
9266
7551
7819
8176
6875
6844
8559
6795
8002
9175
8077
7249
10134
7438
8353
8371
8293
7733
8652
6937
8748
8136
10131
9338
7304
9163
7472
7057
8849
10241
8827
7001
8618
10214
6903
7849
6924
9138
7360
7923
7251
7936
6999
7356
8723
7177
7458
9950
7544
8441
8744
6830
7245
8159
6827
9174
7079
8584
7241
9297
7628
7923
8159
8571
8824
7675
8082
8478
7041
8216
6957
8885
8346
7627
6936
8168
6893
9054
9006
7206
7689
8353
8553
8762
9320
7025
7323
6993
10205
7199
7345
7674
7959
7555
8032
8119
8613
7053
9490
8810
7585
6950
8188
8746
7210
8038
7313
9575
8964
7357
9497
8474
9084
6894
8050
7711
7716
8540
7784
7386
7179
8265
8790
9498
7326
7069
7918
9082
6995
7609
8036
8680
7349
9214
8096
9255
7212
7632
9205
8066
10061
7664
9059
7732
7106
9039
7647
8358
8880
6953
7167
7211
7673
9978
10020
6971
6976
8661
8999
7580
7909
7417
8047
10191
8624
8899
7424
7108
7239
6954
7631
10018
8839
9963
7373
9081
8081
7862
8287
7972
7839
9416
6945
6947
8622
9442
7290
7500
7102
7783
8401
10116
7597
7503
8131
10066
7331
6923
9440
9638
7424
7023
8860
8164
9391
9569
7286
7446
8124
7187
7975
7143
7830
8517
7021
8672
7083
7766
9341
7470
9253
7516
8230
7098
9338
8128
8277
8897
8199
6961
8845
7266
7970
6961
8844
7795
9944
8002
8707
7721
7219
9858
7452
8282
9033
9033
7262
7354
7851
8812
7031
7196
9576
7627
9440
9033
8345
9242
10074
9634
8122
7774
8834
8871
10117
8124
8163
7197
7275
8931
9281
8162
9001
6997
9004
7534
8123
8040
6998
9578
6997
9579
6991
7988
9460
10177
7847
10189
7732
7756
7480
9361
9847
7218
8316
8312
9327
8621
8858
7451
7463
8479
7139
9411
9307
8015
7575
8499
7324
8392
9466
9465
8068
8079
10215
8953
7007
9426
7009
8837
7101
9031
7226
10236
9045
10221
8601
8702
8853
7754
7393
7382
7724
10107
7875
7371
8895
9867
10079
7675
7471
7804
8968
7127
9545
10083
7323
7612
8096
8334
7566
7176
7042
9588
7725
8109
9239
9004
8049
7068
7168
7313
8527
9068
8115
8962
7285
7364
7607
8901
9905
8404
9624
9467
9555
7087
7473
8547
7500
8846
8337
7843
8185
8470
8531
7427
7564
7625
8000
8259
7074
7506
9305
8636
8843
8233
8915
10041
7315
7945
9032
7848
8569
10217
8550
7545
8328
7629
7718
9844
7125
8273
8438
8471
8914
9931
8509
8827
7565
7933
8545
8802
9551
7169
7532
7555
7166
8422
8579
9918
8512
7753
8468
8730
8005
8113
7415
8295
7517
9454
8743
9225
9999
7190
7288
8269
9095
7247
8648
8991
7137
7618
8585
7802
8416
7775
7954
7799
9021
9145
7345
9233
7119
7888
8508
10112
7628
8381
9836
7282
7736
9365
7239
9207
7478
7935
7244
9301
7390
8224
8676
8883
7433
8834
9037
8547
8816
8853
7459
7566
8813
7297
7509
7880
7911
7939
8325
9998
8764
7946
8130
8451
7739
8443
7637
8471
8914
7242
7502
7716
9109
8663
9034
10189
7837
9529
10151
9010
9944
8098
10199
7905
8221
9347
8467
9525
10116
7625
8075
8504
8817
8151
7922
9551
9995
9171
7149
9454
9547
8287
8645
9328
9205
10090
8941
9255
7977
9592
9593
10156
7315
7347
8132
9032
8299
10102
8777
8338
7643
7903
8409
9104
7219
7339
7362
8221
8742
7172
7407
9771
7281
7776
9220
9430
9145
7758
9644
7796
7292
9179
7290
8752
7449
8650
8702
9777
7219
10205
8120
7662
7406
7732
9008
7423
7444
9175
10127
7897
7755
8453
7333
8531
9348
7589
7744
8686
7332
7351
7376
7833
8636
7267
7672
7750
7215
7671
8546
7301
9052
7235
10193
7941
8388
7643
7813
7884
8615
8718
7553
9676
7323
7509
8315
7606
7619
9113
8154
8784
7279
9548
7239
8895
7369
8600
9177
9353
7534
7403
7782
10237
8020
9018
8337
7676
7752
8771
7899
8248
7839
7933
8545
7961
9592
7962
9593
8110
9432
9821
7808
9040
8374
8653
7428
8020
8557
8937
9574
10133
10047
7737
8669
7758
8881
10116
9299
9900
9233
7572
8780
9758
7274
9402
7599
7397
7272
9960
7322
9218
9337
7629
7763
8928
7645
7768
7970
8503
8002
8611
7741
9023
7530
8042
9325
7333
7721
8009
8374
8555
9444
9497
7398
8067
7793
8186
8595
7972
8083
7890
8462
8201
8373
9188
9545
7412
8145
8202
9431
8583
8951
7673
8106
7353
8949
9451
9600
7552
9272
7308
7531
7450
9128
9371
8461
7321
7360
7530
8825
8351
8866
7342
8418
9522
7429
7781
7671
9258
7534
8123
7410
8490
8960
7419
8130
9157
7588
7871
9188
9574
9098
7386
7735
8376
9977
8043
9949
8180
9856
7440
7693
7351
9437
8759
8007
8815
7467
7896
7974
8197
8366
7425
8270
9022
7354
9343
9846
7558
8289
8789
7546
7969
8076
10165
8253
8640
9193
8039
9519
8505
9346
8604
9171
7695
9657
9406
7588
10064
9596
7947
8587
7404
7463
8732
9020
7652
8072
7848
8795
9357
7501
8222
8463
9132
7791
8372
8859
8971
7810
7409
10182
9346
9060
7741
7464
9140
7401
7420
10185
8290
7979
8818
10113
7461
7587
9325
8673
8805
8859
9348
8623
9664
8624
9665
8850
7798
9921
7627
7630
7511
8933
9106
9128
7612
7462
9232
8516
8603
9309
8294
8417
9428
7756
7800
7411
7999
7694
9872
8019
8490
8276
9184
7730
8408
9303
7595
8642
9651
7488
8252
8515
7760
8344
8462
8487
8641
9654
10076
8571
8824
7667
8396
8458
8852
10114
8160
7742
7878
9237
7512
9041
7759
7983
8848
9019
7551
7620
8003
8807
10201
8727
7693
7491
7525
7536
8094
8891
9310
8787
7549
7448
9254
8200
8855
8820
7493
8732
9562
7771
7959
9304
7943
7977
8634
7840
8425
7470
7938
7723
10039
8010
8936
9511
9155
8754
9235
9078
7563
7976
8413
7775
7804
8005
8601
9278
8933
8544
9106
8020
10115
8056
8620
8590
8815
8840
9024
8378
8459
9271
7919
7994
8430
10071
7957
7994
8381
7542
7759
8358
8722
7569
7609
7984
7525
7914
8964
8279
7560
8752
8829
8863
9168
9071
8261
8355
8233
8653
8677
9973
8471
8955
8734
10066
7848
7907
9984
10217
8363
10125
7873
8787
7584
8114
8220
9023
7654
8526
8228
8234
7897
8345
8230
9630
9436
7822
8743
8801
8714
8984
7827
8631
8635
8480
8675
8172
8538
10132
7588
7810
7654
8472
8018
8318
8161
8457
9405
10065
7642
7677
8189
8103
9666
10107
8708
7571
7577
8096
7606
8348
7647
7983
9917
8513
8696
9005
9422
7791
7782
8544
8934
7760
9193
9125
7931
9438
7794
7574
8869
10198
7923
9035
8084
8874
9495
8380
7896
7991
8502
9324
8011
9211
9494
7687
7731
8023
8307
9733
7577
9513
9513
10199
7655
8990
7679
8074
7666
7948
7812
8747
8499
7859
8891
9402
7872
7872
9066
9538
7822
8018
7686
7743
7969
7788
9894
8480
8675
9039
8922
8177
10118
8602
8808
9956
7832
8507
9299
9347
7680
8178
7870
8444
8840
7874
9373
7619
8356
7652
8083
8023
9979
9483
7666
7831
7912
7820
9350
8133
8140
10051
9196
8024
8355
8523
9888
9544
9392
10200
7824
8361
8146
9192
7673
9978
7630
7718
7763
9371
7959
8454
8882
8524
7707
8879
8523
8766
8851
8987
7786
8945
7688
8247
9308
7999
10192
7821
8774
7677
10077
10222
7928
7971
8785
8981
8373
8703
7803
7828
8433
8763
7857
8302
7869
8232
9116
9484
8640
8133
10050
8057
8509
9749
8881
9369
8357
8510
8396
8010
8936
10126
9532
8154
8640
7750
8945
8106
9304
10223
8565
7828
9478
7987
9688
9203
9177
10054
7698
9538
8863
9414
8359
8567
7852
9489
7941
7989
9362
8229
8559
8762
8117
9638
9540
8298
8371
9134
8786
9136
8150
8940
7991
7820
8275
8738
8013
8919
9370
8328
10200
9407
8035
8872
9444
8003
8807
8922
7712
7756
9171
9616
7749
7851
7964
10170
7719
8850
8189
8867
7966
8581
9027
8679
8727
8564
9749
7868
7769
8983
9107
10021
7790
10063
8993
7852
7974
8097
8652
7967
7793
9496
8349
8961
8506
8941
7951
7984
8567
8181
9649
9515
9765
8201
8415
7787
8694
9462
7756
8605
8717
8972
9628
8623
8968
9525
8939
9147
9164
8699
8967
8522
9651
7896
9590
8758
7930
8510
7797
8219
8465
8419
10009
7835
7854
8282
8492
8579
8521
9654
10086
7802
8046
8478
7817
9062
9144
8174
8700
8466
8158
9007
7807
8896
8940
9044
9040
8250
8548
8039
8527
8994
7898
8783
9220
8192
9146
8593
8978
8427
8996
8751
8340
8997
9849
8213
8390
8044
8078
7871
8636
7958
9224
8252
9030
8036
9659
8065
9068
8439
9980
8180
8608
9125
8924
9404
9102
9568
9436
8906
9286
8788
9665
8565
8642
9319
9091
8558
7938
9378
7854
9324
7982
8186
8912
8969
10044
8080
9437
9839
8216
8428
8706
8720
8931
9135
7960
8613
8244
8448
8662
8944
9050
9507
10188
8872
9277
9343
10158
8197
9932
8499
9290
9761
9310
8737
8795
9122
8356
10078
7949
8645
8899
7868
7988
8981
10228
9636
9835
8481
9421
8042
7986
8464
9094
8217
10247
8260
8430
9341
8432
9403
8065
8596
8494
8812
9763
8188
9754
8208
8477
9420
8027
8252
7886
9886
8251
9351
9505
10113
8491
8527
9068
10130
8403
8711
8069
9690
8322
8332
8240
8348
8661
9000
8073
8446
9876
9429
8574
9690
10230
9399
8269
9060
9233
9570
9985
8597
9800
8206
9128
8392
8207
9639
9310
8793
9561
9491
10070
8243
8575
8333
8821
7990
8825
7996
9066
8144
9746
9270
8249
8660
9372
8172
8549
9074
8950
8711
9103
10242
8093
9492
8203
9236
9524
9999
8481
10213
7956
8257
9699
9584
8084
8022
8405
9305
9606
9242
8358
8954
9011
9324
8238
9042
9399
10235
9268
9559
9669
9670
8180
8588
8608
8691
8796
8699
10161
8323
9134
8610
8775
8963
8052
9381
8524
8512
8826
8476
8204
10249
8163
8994
8906
8231
8641
8989
8268
9080
9143
9536
8277
8938
9358
8060
8502
8635
8384
9016
9315
9572
8187
8379
8031
8073
8276
8409
8259
8421
9052
8185
8531
8766
8739
9558
9314
8135
8311
8407
8104
9583
9089
8560
9064
9920
8773
8175
8570
9415
9031
9432
8176
9515
8748
10031
9586
9288
8066
8172
8309
8655
10150
8317
9253
9484
9547
9140
8435
8226
8762
9320
8757
9075
9581
9275
8458
8064
9353
10172
9328
10177
9239
8061
9725
9471
8691
8875
9244
8998
8375
8149
9267
8218
10217
9552
9013
9339
9471
10173
8119
8600
9962
9534
8200
9032
8843
8301
8345
9062
10159
9558
10164
9271
8492
9925
8130
8829
9479
9479
9284
8161
8091
8608
9429
10193
8539
9158
9563
10192
8133
8103
9209
8283
8771
8174
8210
9541
10220
8205
9415
9591
9185
8729
8887
8363
8518
8267
8321
9181
8195
8564
9161
9132
9146
9337
9948
10201
8449
8496
9756
9539
9278
8373
8212
8278
9462
10235
8525
8552
9367
9580
8313
9594
8791
8253
9560
9086
10209
8291
8589
9600
9826
8573
9674
8169
9449
9236
9531
9328
10135
8185
8456
9135
9180
9390
9390
9474
9491
9585
9496
9342
9313
9912
8620
8516
8693
8789
8237
8397
8777
9022
9508
8877
8987
9604
8510
9602
9102
9129
9201
8461
8549
9571
9469
9379
9043
8811
8616
8379
8565
9554
8793
10175
8219
9534
8342
9490
9622
9055
8361
9502
8838
8966
9568
8993
10058
8506
9299
8558
9687
8709
9751
9585
8894
10221
8954
9131
9227
8674
9057
8341
9630
8501
8966
8275
9457
10216
9725
9418
9250
8336
8397
8420
9204
9274
9063
9500
8274
8781
9675
9500
8888
8290
8312
9012
8998
8814
9537
10229
9333
8267
8321
9474
8257
9183
8583
10230
8348
9532
8385
8497
10210
8403
8670
9110
9606
8550
9107
8825
9035
10095
10089
8886
9752
8439
9269
9696
8543
9036
9476
8663
9463
9804
10189
9656
8435
10132
9469
9097
8849
8973
9334
9533
8754
9671
8986
9038
8727
8959
9180
8861
8935
9345
10192
8571
8359
10010
8552
9085
8515
8796
9263
9563
8529
9137
9405
10234
9049
9537
8665
9656
8731
9364
10198
9367
10245
8743
9102
9998
8347
9711
10081
8376
8418
8540
9464
9946
8615
9751
8943
9286
8970
9674
9557
8368
9081
9620
9540
9243
9384
9103
9468
8309
8357
9521
9577
8357
10149
9564
9667
9386
9204
9353
9802
8821
8549
9074
8839
9099
9226
8763
9550
9277
8570
8601
9314
9759
8484
8606
9755
10188
8434
8616
9108
9555
9426
9126
8410
9446
9871
8351
8411
8412
9120
9441
9250
9650
8386
8400
9058
9457
8447
10185
8835
9438
9152
9492
8630
9023
9190
9187
9448
8769
9041
8890
8716
8610
10011
8475
10062
8586
9095
9101
8518
9508
9640
8411
8412
9188
9461
9581
8475
9385
8705
9670
8374
9072
8805
10119
8393
8673
9255
8465
9549
8760
8804
9587
9406
9378
8888
8511
9629
9202
8423
8490
8500
8817
9406
9099
8946
9957
9079
9689
10216
8930
9460
8999
8426
9745
9161
9179
9218
9345
9819
8632
9637
8777
8970
9616
8422
8572
8461
8774
8490
9006
9455
8433
8807
9392
9556
9203
8699
9291
9335
9217
9478
8451
9733
8568
8977
9499
8537
8878
9589
9155
9705
8942
10187
9486
8836
9257
8740
9260
8617
9312
9566
8842
9004
9372
8592
8655
9238
9333
9411
8526
8725
9089
9136
9712
9052
8611
8656
8749
9345
9431
9506
9113
8720
9739
9254
9143
9637
8709
9217
8492
9544
8826
8715
9507
9024
9347
8650
8846
9302
9584
10129
8658
8639
8750
9446
8740
9363
9587
10211
8769
9434
9394
8656
8517
9741
9071
9269
9517
9457
9448
9323
9621
9346
9284
9625
10087
9626
8585
10029
8868
9754
10129
9151
8677
8693
8671
8696
8938
8837
9738
8728
9190
9629
8660
9251
9072
9316
9450
8920
9013
8549
9052
9146
8789
10170
8980
8987
8900
9679
9521
9426
8764
8962
9420
8868
9386
9187
9509
9431
8949
9451
9165
9211
9565
8648
9571
8653
8690
8717
8919
9208
9723
8854
9756
8767
10100
9573
8996
8871
9311
8962
8664
9553
8702
9099
9632
9710
10231
9158
9331
9472
9623
8643
8927
9677
8774
9336
9016
9272
9227
9229
9276
9548
8654
9389
9429
9708
9471
9482
10150
8681
8613
9088
9314
8747
8971
9953
9226
8828
9020
9070
8898
9439
8715
9463
9307
9129
9235
9589
9971
9577
8912
9550
9500
8968
8874
9868
8989
9287
9659
9660
8761
9742
10054
9463
9198
8873
9682
8867
8788
9653
8674
8707
9512
8843
8701
9699
8905
9172
9281
8925
9176
9652
9653
9019
9393
9357
9391
9528
9479
9722
8721
9196
9029
8742
8760
9074
9185
10038
8871
8886
9400
8892
9339
9198
9689
10216
9712
8724
8741
9655
8707
8824
9015
9112
8779
9595
9025
8739
9275
9384
9274
9730
8693
8907
8921
9530
9728
9232
10106
9037
10088
8851
9091
9410
9838
8772
9598
9265
9390
8838
9559
8792
9597
9221
9707
8697
9742
8789
8953
8779
9499
9639
8780
9972
9042
9621
9097
9201
9553
8739
9599
9601
9112
10243
8811
8917
9333
8723
9508
8991
9554
8847
8880
8918
8792
9506
9420
8884
9646
8929
8939
8954
9131
9433
10040
9243
8822
9512
8887
8890
8972
9663
9628
9115
9371
9323
8809
8932
8940
8904
9133
9535
8924
9671
9552
9696
9005
9650
9364
9367
8925
9723
9289
8855
9618
9726
9342
8757
8933
9272
10015
8804
9238
9643
9617
9501
8976
9055
9526
9572
10174
9361
9855
9743
8808
8828
9372
9386
8794
9747
8796
9707
9109
8964
9485
8963
9752
9063
9073
9518
8986
9240
8975
9067
9566
9744
9495
9468
8986
10043
8901
10220
9645
9225
10213
9472
8931
9096
9514
9521
8856
8928
9066
9044
9100
9684
8869
8992
9739
9062
9144
9432
9400
9241
9505
9501
9604
8838
8914
9325
9161
9528
8888
9264
8882
9034
9755
10188
9042
9109
8894
9339
9648
9056
8983
9002
8979
9267
9147
9736
8904
9249
10014
9379
9278
9523
9057
8911
9741
9167
9202
9241
9329
9239
9265
9018
9507
9138
9482
9964
9527
9160
9262
9456
9580
9648
9105
9221
9740
9025
9565
8920
9668
9555
8930
8908
9092
9487
8898
9217
9627
9618
10000
9263
9108
9215
9320
8941
9619
9499
9451
9518
9404
9156
9051
9251
9542
9602
9340
9711
9170
9085
9583
9105
9178
9200
9065
9373
9543
9186
9230
9520
9620
9683
9209
9078
9594
9069
9729
8992
9746
8979
9709
9439
9687
9085
9586
9478
9618
9703
9710
9594
9019
9170
8977
9003
9172
9100
9455
9007
9643
9329
9753
9104
9448
9633
9512
10186
9270
9417
9485
9405
9183
8960
9519
8956
9506
10004
9590
9585
9319
9282
9149
9683
9392
10032
9082
9105
9200
9260
9706
9744
9249
9724
9417
9162
9528
9223
9719
9596
9745
9549
9400
9176
9164
9381
9148
9533
9501
9231
9259
9530
9586
9066
9437
9474
9747
10206
9748
9624
9036
9267
9116
10231
9072
9321
9706
9029
9806
9736
9673
10123
9289
9411
9281
9199
9248
9517
9313
9531
9216
9489
9543
9462
9476
9139
9362
9142
9169
9602
9662
9216
10095
9130
9191
9572
9533
9776
9623
9352
9714
9294
9720
10239
9098
9223
9662
9293
9705
9079
9663
9159
9300
9483
9153
9182
9211
9583
9123
9443
9483
9470
9743
9157
9162
9523
9238
9110
9319
9154
9546
10215
9570
9094
9753
9244
9312
9982
9570
9527
9587
9121
9575
9667
9151
9258
9496
9178
9730
9469
9686
9135
9658
9276
9660
9535
9335
9177
9418
9209
9605
10044
9444
9929
9933
9321
9603
9685
9775
9124
9562
10229
9678
9680
9589
9279
9693
9603
9477
9480
9642
9673
10228
9563
9152
9158
9261
9526
9678
9242
9380
9495
9942
9433
9726
9194
9435
9580
9301
9141
9368
9619
9366
9456
9631
9252
9542
9680
9241
9313
9709
9350
9377
9526
9662
9388
9522
9256
9530
9681
9695
9354
9477
9635
9427
9619
9669
9308
9681
9360
9376
9542
9685
9337
9252
9647
9340
9646
9207
9297
9708
9564
9740
9640
9256
9641
9629
9408
9617
9246
9349
9197
9356
9617
9261
9649
9484
9456
9488
9631
9524
9445
10034
9355
9520
9661
9315
9399
9348
9487
9290
9460
9898
9735
9215
9317
9402
9296
9567
9623
9381
9383
9666
9326
9713
9363
9615
9615
9573
9605
9322
9524
9645
9338
9408
9716
9409
9721
9292
9359
9477
9635
9404
9549
9384
9544
9519
9551
9315
9491
9737
9352
9685
9692
9268
9694
9266
9388
9560
9409
9681
9691
9427
9718
9304
10168
9419
9738
9336
9636
9374
9375
9441
9596
9624
9306
9382
9529
10151
9318
9447
9620
9604
9374
9375
9442
9341
9582
9640
9395
9642
9493
9599
10238
9513
10042
9306
9382
9641
9701
9558
9354
9644
9970
9493
10001
9334
9494
10179
10094
9590
9657
9468
9383
9536
9481
9520
9661
9750
9510
10212
9591
9446
9701
9518
9673
9423
10178
9582
9615
9622
9430
9567
9825
9452
9459
9461
9504
9678
9568
9627
9700
9356
9698
9676
9492
9362
9631
9395
9704
9503
9680
9403
9658
10225
9550
9368
9697
9684
9635
9642
9897
9470
9686
9424
9425
9503
9717
9504
9715
9385
9475
9633
10074
9565
9605
9422
9584
9515
9407
9633
9682
9482
9532
9935
9661
9412
9727
9625
9626
9472
9668
9452
9459
9546
9634
9434
9636
10184
9667
9632
9490
9488
9595
9561
9480
9597
9481
9598
9705
9540
9757
9574
9559
9612
9581
9545
9489
10171
9634
9616
9645
10075
9614
9731
9732
9601
9582
9734
10162
9538
9511
9702
9703
10039
9658
10224
9622
9637
10180
9613
9610
9608
9603
9562
10218
10148
9607
9569
10163
10244
10207
10214
9628
10147
9679
9692
9714
9717
9694
9721
9728
9693
9713
9729
9691
9715
9719
9695
9720
9727
9697
9718
9734
9698
9716
9732
9700
9704
9731
10221
10036
10195
10037
9952
10203
10242
10194
10219
9951
10240
10236
10202
10241
10237
10243
9758
9760
10201
9762
9764
9766
9768
9770
9772
9774
9776
9778
9780
9782
10124
9784
9785
9786
9949
9786
9950
9788
10152
10162
9790
9791
9792
9792
9794
9796
9798
9800
9802
9804
9806
9864
9808
9810
9812
9814
9816
9817
9818
9818
9820
9821
9822
9822
9824
9826
9828
9852
9830
9831
9832
9832
9834
9836
9838
9840
9849
9842
9844
9846
9848
9850
9852
9853
9854
9854
9856
9858
9859
9860
9860
9862
9864
9866
10171
9868
9919
9870
9871
9872
9872
9874
9875
10120
9876
10122
9876
9878
9880
10197
9882
9884
9886
9888
9890
9892
9894
9896
9898
9900
9902
9904
9906
9908
9909
9910
9910
10123
9912
9914
9915
9916
9997
9916
9996
9918
9920
9922
9924
9926
9928
9930
9934
9932
9934
9936
9938
9940
9942
10016
9944
9946
9948
10200
9950
9952
9954
9956
9958
9960
9962
9964
9966
9968
9970
9972
9974
9976
10160
9979
9981
9983
9985
9987
9989
9991
9993
9995
9997
9999
10001
10003
10004
10005
10005
10007
10009
10011
10012
10013
10013
10015
10017
10019
10172
10022
10024
10191
10026
10244
10027
10245
10029
10031
10033
10166
10035
10037
10039
10041
10043
10045
10047
10048
10049
10049
10051
10053
10055
10057
10059
10061
10063
10065
10067
10068
10069
10069
10071
10073
10075
10077
10079
10081
10083
10085
10087
10089
10091
10093
10095
10097
10098
10099
10099
10101
10103
10105
10107
10109
10110
10111
10111
10113
10115
10129
10117
10119
10122
10246
10122
10247
10124
10126
10127
10128
10128
10130
10132
10134
10239
10136
10138
10139
10140
10141
10140
10142
10143
10144
10144
10146
10148
10150
10152
10154
10156
10248
10157
10249
10159
10161
10163
10165
10167
10169
10171
10173
10175
10177
10179
10181
10183
10185
10187
10189
10191
10193
10195
10197
10199
10201
10203
10205
10207
10209
10210
10211
10211
10213
10215
10217
10219
10221
10223
10225
10227
10229
10231
10233
10235
10237
10239
10241
10243
10245
10247
10249
)


// ************************************************************************* //
