/*--------------------------------*- C++ -*----------------------------------*\
| =========                 |                                                 |
| \\      /  F ield         | OpenFOAM: The Open Source CFD Toolbox           |
|  \\    /   O peration     | Version:  2312                                  |
|   \\  /    A nd           | Website:  www.openfoam.com                      |
|    \\/     M anipulation  |                                                 |
\*---------------------------------------------------------------------------*/
FoamFile
{
    version     2.0;
    format      ascii;
    arch        "LSB;label=32;scalar=64";
    class       vectorField;
    location    "constant/polyMesh";
    object      points;
}
// * * * * * * * * * * * * * * * * * * * * * * * * * * * * * * * * * * * * * //


2300
(
(0 0 0)
(1 0 0)
(1 1 0)
(0 1 0)
(0 0 1)
(1 0 1)
(1 1 1)
(0 1 1)
(0.07692307692 0 0)
(0.1538461538 0 0)
(0.2307692308 0 0)
(0.3076923077 0 0)
(0.3846153846 0 0)
(0.4615384615 0 0)
(0.5384615385 0 0)
(0.6153846154 0 0)
(0.6923076923 0 0)
(0.7692307692 0 0)
(0.8461538462 0 0)
(0.9230769231 0 0)
(1 0.07692307692 0)
(1 0.1538461538 0)
(1 0.2307692308 0)
(1 0.3076923077 0)
(1 0.3846153846 0)
(1 0.4615384615 0)
(1 0.5384615385 0)
(1 0.6153846154 0)
(1 0.6923076923 0)
(1 0.7692307692 0)
(1 0.8461538462 0)
(1 0.9230769231 0)
(0.9230769231 1 0)
(0.8461538462 1 0)
(0.7692307692 1 0)
(0.6923076923 1 0)
(0.6153846154 1 0)
(0.5384615385 1 0)
(0.4615384615 1 0)
(0.3846153846 1 0)
(0.3076923077 1 0)
(0.2307692308 1 0)
(0.1538461538 1 0)
(0.07692307692 1 0)
(0 0.9230769231 0)
(0 0.8461538462 0)
(0 0.7692307692 0)
(0 0.6923076923 0)
(0 0.6153846154 0)
(0 0.5384615385 0)
(0 0.4615384615 0)
(0 0.3846153846 0)
(0 0.3076923077 0)
(0 0.2307692308 0)
(0 0.1538461538 0)
(0 0.07692307692 0)
(0.07692307692 0 1)
(0.1538461538 0 1)
(0.2307692308 0 1)
(0.3076923077 0 1)
(0.3846153846 0 1)
(0.4615384615 0 1)
(0.5384615385 0 1)
(0.6153846154 0 1)
(0.6923076923 0 1)
(0.7692307692 0 1)
(0.8461538462 0 1)
(0.9230769231 0 1)
(1 0.07692307692 1)
(1 0.1538461538 1)
(1 0.2307692308 1)
(1 0.3076923077 1)
(1 0.3846153846 1)
(1 0.4615384615 1)
(1 0.5384615385 1)
(1 0.6153846154 1)
(1 0.6923076923 1)
(1 0.7692307692 1)
(1 0.8461538462 1)
(1 0.9230769231 1)
(0.9230769231 1 1)
(0.8461538462 1 1)
(0.7692307692 1 1)
(0.6923076923 1 1)
(0.6153846154 1 1)
(0.5384615385 1 1)
(0.4615384615 1 1)
(0.3846153846 1 1)
(0.3076923077 1 1)
(0.2307692308 1 1)
(0.1538461538 1 1)
(0.07692307692 1 1)
(0 0.9230769231 1)
(0 0.8461538462 1)
(0 0.7692307692 1)
(0 0.6923076923 1)
(0 0.6153846154 1)
(0 0.5384615385 1)
(0 0.4615384615 1)
(0 0.3846153846 1)
(0 0.3076923077 1)
(0 0.2307692308 1)
(0 0.1538461538 1)
(0 0.07692307692 1)
(0 0 0.07692307692)
(0 0 0.1538461538)
(0 0 0.2307692308)
(0 0 0.3076923077)
(0 0 0.3846153846)
(0 0 0.4615384615)
(0 0 0.5384615385)
(0 0 0.6153846154)
(0 0 0.6923076923)
(0 0 0.7692307692)
(0 0 0.8461538462)
(0 0 0.9230769231)
(1 0 0.07692307692)
(1 0 0.1538461538)
(1 0 0.2307692308)
(1 0 0.3076923077)
(1 0 0.3846153846)
(1 0 0.4615384615)
(1 0 0.5384615385)
(1 0 0.6153846154)
(1 0 0.6923076923)
(1 0 0.7692307692)
(1 0 0.8461538462)
(1 0 0.9230769231)
(1 1 0.07692307692)
(1 1 0.1538461538)
(1 1 0.2307692308)
(1 1 0.3076923077)
(1 1 0.3846153846)
(1 1 0.4615384615)
(1 1 0.5384615385)
(1 1 0.6153846154)
(1 1 0.6923076923)
(1 1 0.7692307692)
(1 1 0.8461538462)
(1 1 0.9230769231)
(0 1 0.07692307692)
(0 1 0.1538461538)
(0 1 0.2307692308)
(0 1 0.3076923077)
(0 1 0.3846153846)
(0 1 0.4615384615)
(0 1 0.5384615385)
(0 1 0.6153846154)
(0 1 0.6923076923)
(0 1 0.7692307692)
(0 1 0.8461538462)
(0 1 0.9230769231)
(0.5 0.9333826612 0)
(0.5 0.06661733875 0)
(0.06674065854 0.5038954818 0)
(0.9428028861 0.4988822149 0)
(0.2692307692 0.9333826612 0)
(0.9333826612 0.7307692308 0)
(0.06471046786 0.2731220061 0)
(0.7307692308 0.06661733875 0)
(0.7314770768 0.9316505369 0)
(0.06895075882 0.7320887959 0)
(0.9477039697 0.2668465603 0)
(0.2692307692 0.06661733875 0)
(0.8775518755 0.930330981 0)
(0.06966901903 0.8775518755 0)
(0.8789829653 0.07122213617 0)
(0.06366718737 0.1144499825 0)
(0.4230769231 0.9333826612 0)
(0.4615384615 0.8667653225 0)
(0.5366876724 0.8657411804 0)
(0.4997043557 0.7999772934 0)
(0.5748042925 0.798924703 0)
(0.5380591337 0.7332983165 0)
(0.4614791036 0.7334963747 0)
(0.4999230395 0.6668688731 0)
(0.4230686433 0.6669085259 0)
(0.4615242548 0.6002877652 0)
(0.5384463439 0.6002871949 0)
(0.4999950998 0.5336757996 0)
(0.4230737386 0.5336767902 0)
(0.4615371141 0.467060512 0)
(0.5384604972 0.4670606888 0)
(0.3846146293 0.4670608539 0)
(0.4230765726 0.4004437489 0)
(0.6149644172 0.7332880434 0)
(0.3461531895 0.5336782496 0)
(0.3461536619 0.4004438448 0)
(0.3846152955 0.333826561 0)
(0.4615383883 0.3338265702 0)
(0.3076922621 0.3338265862 0)
(0.3846041117 0.7335241365 0)
(0.2704807162 0.4011656085 0)
(0.3461538237 0.2672092608 0)
(0.2692307579 0.2672092672 0)
(0.3461521835 0.6669123463 0)
(0.3076901518 0.7335294003 0)
(0.2692305373 0.6669131723 0)
(0.2307688328 0.7335304152 0)
(0.1923076173 0.6669132629 0)
(0.2307691796 0.600295938 0)
(0.659526236 0.8062123961 0)
(0.6923076923 0.733530645 0)
(0.6537761208 0.6668728726 0)
(0.7297715123 0.6663372732 0)
(0.6921297337 0.600193223 0)
(0.7692307692 0.6002959675 0)
(0.730739571 0.5336615047 0)
(0.7633858031 0.7308559446 0)
(0.3846153846 0.8667653225 0)
(0.3076923021 0.2014504027 0)
(0.2307692279 0.2015934828 0)
(0.3846153799 0.2007350108 0)
(0.1552268399 0.601093107 0)
(0.1923076923 0.5336786287 0)
(0.6538115508 0.5336586506 0)
(0.6922969818 0.4670551063 0)
(0.7692240409 0.4670574054 0)
(0.7307663243 0.4004422732 0)
(0.8076907019 0.4004430241 0)
(0.7692300172 0.3338261783 0)
(0.6923070826 0.3338262604 0)
(0.7307690038 0.2672091427 0)
(0.6538460144 0.2672091932 0)
(0.6153844905 0.3338265404 0)
(0.5769230655 0.2672092671 0)
(0.6153845902 0.2005919204 0)
(0.5384615324 0.2014504024 0)
(0.2692303436 0.800147738 0)
(0.192307555 0.8001479045 0)
(0.8053700988 0.2658685458 0)
(0.7692307692 0.200591935 0)
(0.8432674376 0.1987411899 0)
(0.1878666574 0.2730881791 0)
(0.1546575599 0.1988682856 0)
(0.3461538462 0.1339745962 0)
(0.5769230769 0.1339745962 0)
(0.8069527151 0.1317612796 0)
(0.1999129831 0.1343619447 0)
(0.6538461538 0.1339745962 0)
(0.4230769231 0.1339745962 0)
(0.841026483 0.4658193831 0)
(0.8794047703 0.4037159655 0)
(0.1167165432 0.6654025712 0)
(0.07456962527 0.5920429806 0)
(0.5878124792 0.9281725117 0)
(0.4999999849 0.2673523435 0)
(0.06663789205 0.42372617 0)
(0.1447380876 0.4651732173 0)
(0.1315142014 0.3833078727 0)
(0.0762028083 0.194757346 0)
(0.936547002 0.5767367794 0)
(0.9339100514 0.6538151043 0)
(0.8713569595 0.693911082 0)
(0.871762993 0.7694980008 0)
(0.8566920374 0.6086280917 0)
(0.9345785828 0.8071081526 0)
(0.8699583231 0.8466813416 0)
(0.7992996212 0.7988403454 0)
(0.8023648822 0.8839530099 0)
(0.7315005004 0.8486042256 0)
(0.664078354 0.8876057699 0)
(0.192936386 0.9337456377 0)
(0.2692306513 0.5336785606 0)
(0.6538437619 0.4004425702 0)
(0.5769224839 0.4004436089 0)
(0.8444721292 0.3345528807 0)
(0.1527393204 0.7330384889 0)
(0.1148402497 0.8028807825 0)
(0.3461538462 0.9333826612 0)
(0.8072073406 0.5356539818 0)
(0.9243515309 0.1955806118 0)
(0.5767589451 0.6668185447 0)
(0.0660090733 0.3468485621 0)
(0.2350835166 0.3377751108 0)
(0.3846107196 0.6002932741 0)
(0.692307627 0.2014503683 0)
(0.4230158772 0.8001127389 0)
(0.3076910768 0.6002952568 0)
(0.5769137871 0.5336732652 0)
(0.6153748438 0.4670556483 0)
(0.3079003465 0.4671814012 0)
(0.6153060802 0.6002506252 0)
(0.230744183 0.4676085739 0)
(0.4999994324 0.4004436235 0)
(0.3461413628 0.8001407764 0)
(0.5384613076 0.3338503256 0)
(0.423076889 0.2672569469 0)
(0.4615384515 0.2016491203 0)
(0.3076901562 0.8667640803 0)
(0.1532798696 0.8694420071 0)
(0.2307791799 0.8672716715 0)
(0.931725195 0.3427143216 0)
(0.124803265 0.3124112711 0)
(0.9366161374 0.8818619563 0)
(0.1177312347 0.9368777581 0)
(0.9363825979 0.1167141362 0)
(0.1126994626 0.06194986747 0)
(0.4197396384 0.06264805039 0)
(0.3454863892 0.05264799707 0)
(0.2707518257 0.147599553 0)
(0.1886452045 0.06358397079 0)
(0.4999999977 0.1451309854 0)
(0.5769230769 0.05684670508 0)
(0.8064179053 0.0539201509 0)
(0.6505088692 0.06244762141 0)
(0.7306635654 0.144663766 0)
(0.8026632419 0.6717995983 0)
(0.1991478726 0.4031324588 0)
(0.1258458028 0.538972356 0)
(0.8808135117 0.523425367 0)
(0.6046274103 0.8582710716 0)
(0.9464981926 0.4230769231 0)
(0.8779874494 0.1428038707 0)
(0.1310472925 0.1316342387 0)
(0.05069200551 0.8055812138 0)
(0.80535569 0.9491869055 0)
(0.8706831101 0.2591654713 0)
(0.6538461538 0.9498028742 0)
(0.05304481249 0.6584936491 0)
(0.7307692308 0.7833086694 0)
(0.9436883994 0.9436883994 0)
(0.05631160058 0.9436883994 0)
(0.9436883994 0.05631160058 0)
(0.05591994343 0.05591994343 0)
(0.1232960882 0.2515140098 0)
(0.1756831026 0.3419429785 0)
(0.8235787749 0.7318976815 0)
(0.899331774 0.4589910468 0)
(0.9360845606 0.5031929116 1)
(0.06661733875 0.5 1)
(0.4982475469 0.061070727 1)
(0.5 0.9349769645 1)
(0.2740595184 0.9386166022 1)
(0.9333826612 0.7307692308 1)
(0.06661733875 0.2692307692 1)
(0.7331534397 0.0522960303 1)
(0.7316145617 0.9316421236 1)
(0.07640250875 0.7389114643 1)
(0.9333826612 0.2692307692 1)
(0.2682229588 0.06839461887 1)
(0.8775518755 0.930330981 1)
(0.07122213617 0.8789829653 1)
(0.8855500175 0.06366718737 1)
(0.06489971572 0.1183596257 1)
(0.06661733875 0.5769230769 1)
(0.1332346775 0.5384615385 1)
(0.1332346775 0.4615384615 1)
(0.1998520163 0.5 1)
(0.1998520163 0.4230769231 1)
(0.266469355 0.4615384615 1)
(0.266469355 0.5384615385 1)
(0.3312432654 0.4968070884 1)
(0.3327794557 0.4225447711 1)
(0.3993455881 0.4609176176 1)
(0.4013175026 0.5281990143 1)
(0.4683876713 0.4949694634 1)
(0.4666060139 0.4221350263 1)
(0.5333305338 0.460543056 1)
(0.5316282887 0.5278540468 1)
(0.5329797976 0.3844977156 1)
(0.5996282007 0.4228914107 1)
(0.4663756596 0.3459772519 1)
(0.599574922 0.3461033159 1)
(0.6661885584 0.3845760442 1)
(0.664344513 0.4583080745 1)
(0.6661733875 0.3076923077 1)
(0.5995591943 0.2692223475 1)
(0.7327932548 0.3461472894 1)
(0.7327911477 0.2692296764 1)
(0.1305327782 0.6121917038 1)
(0.7985500857 0.3076910328 1)
(0.7984066677 0.2307688362 1)
(0.7992654899 0.3846140793 1)
(0.1332346775 0.3846153846 1)
(0.1998520163 0.3461538462 1)
(0.7339645307 0.1946294902 1)
(0.8010319476 0.1567881003 1)
(0.8660254038 0.3461538462 1)
(0.8656295845 0.2000941182 1)
(0.8610183956 0.4211069869 1)
(0.8024832974 0.4547752316 1)
(0.9338329778 0.5774552289 1)
(0.8678617995 0.5402854314 1)
(0.8670231214 0.6157772895 1)
(0.8011664577 0.5786815242 1)
(0.8003606959 0.6542046741 1)
(0.735579271 0.6189303549 1)
(0.7339075347 0.6929584023 1)
(0.6673175589 0.6545455621 1)
(0.6670434966 0.7309942505 1)
(0.6003850413 0.6924617636 1)
(0.6003325115 0.7692939511 1)
(0.533699565 0.7308054396 1)
(0.7336151583 0.7693767242 1)
(0.5336786287 0.8076923077 1)
(0.466144308 0.7726720501 1)
(0.466911949 0.6928872739 1)
(0.4002662307 0.7314393745 1)
(0.3998836689 0.8082917369 1)
(0.333703612 0.7694423647 1)
(0.3337764923 0.6924546488 1)
(0.2671804203 0.7308289894 1)
(0.5994910322 0.8463782466 1)
(0.265843331 0.8054154876 1)
(0.2021429132 0.7719502751 1)
(0.1989954838 0.8437282534 1)
(0.2632626152 0.660315296 1)
(0.6652320514 0.5872582028 1)
(0.1279205308 0.8091163246 1)
(0.3310704148 0.6261148997 1)
(0.5875083121 0.927866739 1)
(0.4246655586 0.9348056727 1)
(0.4652829858 0.8583541374 1)
(0.3489080883 0.9402304239 1)
(0.8667653225 0.6923076923 1)
(0.06633106825 0.1928035274 1)
(0.1329006953 0.1544246281 1)
(0.1252915644 0.07085845152 1)
(0.1998520163 0.1153846154 1)
(0.1997963525 0.1924041047 1)
(0.266752345 0.1519262022 1)
(0.2665072427 0.2304653076 1)
(0.3330866938 0.1923076923 1)
(0.3330930084 0.2691801154 1)
(0.399705085 0.2307607885 1)
(0.3992313187 0.1546481886 1)
(0.4654456094 0.1938206648 1)
(0.3355840782 0.1157510261 1)
(0.412188114 0.07226015786 1)
(0.4661846344 0.2694520919 1)
(0.1998490536 0.2691961841 1)
(0.5327704845 0.2310568763 1)
(0.534005817 0.159272231 1)
(0.5997063866 0.1932585758 1)
(0.596279803 0.1208032283 1)
(0.6654434229 0.1557205563 1)
(0.805031828 0.07559379466 1)
(0.133121531 0.2309585869 1)
(0.133215326 0.3077181029 1)
(0.2664762283 0.3076274473 1)
(0.3330376854 0.3460459018 1)
(0.1990227514 0.7065657107 1)
(0.666821025 0.8083166779 1)
(0.7332100031 0.8482243778 1)
(0.800108629 0.8080617221 1)
(0.8028237832 0.8854807266 1)
(0.8693654652 0.8469399549 1)
(0.6634622646 0.8860230064 1)
(0.1966473621 0.9231191664 1)
(0.4017651497 0.6590602265 1)
(0.4689767081 0.6259533924 1)
(0.7329776399 0.4214034532 1)
(0.7351196728 0.4884278843 1)
(0.5974475062 0.4954648184 1)
(0.5321341809 0.6589525689 1)
(0.3268353072 0.8369654946 1)
(0.2664111262 0.3844978918 1)
(0.8002537771 0.7310233307 1)
(0.5329074488 0.3077182665 1)
(0.5960166942 0.6245344388 1)
(0.6662730116 0.2316254923 1)
(0.1987750761 0.5751222712 1)
(0.0666141135 0.3461581453 1)
(0.06661680121 0.4230776396 1)
(0.06693941289 0.6546710408 1)
(0.9333826612 0.6538461538 1)
(0.3997040325 0.3076923077 1)
(0.8672097527 0.7694657064 1)
(0.9342530665 0.8072337883 1)
(0.3996720801 0.384413052 1)
(0.6572852657 0.06829566523 1)
(0.9365380444 0.8818946305 1)
(0.1168411303 0.9362358878 1)
(0.9380501325 0.1126994626 1)
(0.1343940265 0.6827219885 1)
(0.9338350974 0.4221355917 1)
(0.9466486325 0.3459655799 1)
(0.05510903514 0.8084790739 1)
(0.8523988806 0.2707877205 1)
(0.9364155147 0.1886562064 1)
(0.5384615385 0.876331142 1)
(0.4716641622 0.1234847509 1)
(0.3789740285 0.878816441 1)
(0.5769230769 0.05350180741 1)
(0.1418149201 0.876810565 1)
(0.8683277163 0.1312513001 1)
(0.8054749671 0.9494907662 1)
(0.1923076923 0.05152869085 1)
(0.7387044815 0.126168128 1)
(0.2591654713 0.8706831101 1)
(0.6538461538 0.9496777711 1)
(0.3445615462 0.05068230525 1)
(0.9436883994 0.9436883994 1)
(0.05631160058 0.9436883994 1)
(0.05631160058 0.05631160058 1)
(0.9440800566 0.05591994343 1)
(0.1458783537 0.746588249 1)
(0.1968993387 0.6388573527 1)
(0.2554087848 0.5962271459 1)
(0.3220261236 0.5577656074 1)
(0.4004366741 0.5924527277 1)
(0.5916417661 0.5581095581 1)
(0.6551128174 0.519304069 1)
(0.7418090208 0.5561459003 1)
(0.8112085539 0.5191574695 1)
(0.8754630034 0.4796754377 1)
(0.4655471165 0.5609419288 1)
(0.5285750959 0.593723924 1)
(0.5416171675 0.1009369056 1)
(0.3130236238 0.8936446672 1)
(0.06661733875 0 0.5)
(0.9360845606 0 0.4968070884)
(0.4961045182 0 0.9332593415)
(0.5 0 0.06502303551)
(0.06661733875 0 0.7307692308)
(0.7307692308 0 0.06661733875)
(0.06661733875 0 0.2692307692)
(0.7268779939 0 0.9352895321)
(0.2740595184 0 0.06138339781)
(0.9333826612 0 0.7307692308)
(0.9268297401 0 0.2665028614)
(0.2679112041 0 0.9310492412)
(0.1144499825 0 0.06366718737)
(0.06489971572 0 0.8816403743)
(0.8816403743 0 0.06489971572)
(0.9287778638 0 0.8789829653)
(0.06661733875 0 0.5769230769)
(0.1332346775 0 0.5384615385)
(0.1332346775 0 0.4615384615)
(0.1998520163 0 0.5)
(0.1998520163 0 0.5769230769)
(0.266469355 0 0.5384615385)
(0.266469355 0 0.4615384615)
(0.3312432654 0 0.5031929116)
(0.3327794557 0 0.5774552289)
(0.3993455881 0 0.5390823824)
(0.4013175026 0 0.4718009857)
(0.4683876713 0 0.5050305366)
(0.4666060139 0 0.5778649737)
(0.5333305338 0 0.539456944)
(0.5391390227 0 0.4721941168)
(0.5329797976 0 0.6155022844)
(0.5996282007 0 0.5771085893)
(0.4663756596 0 0.6540227481)
(0.599574922 0 0.6538966841)
(0.6661885584 0 0.6154239558)
(0.6700118185 0 0.5449330006)
(0.6661733875 0 0.6923076923)
(0.598837515 0 0.7295276672)
(0.7327932548 0 0.6538527106)
(0.7327911477 0 0.7307703236)
(0.7985500857 0 0.6923089672)
(0.7984066677 0 0.7692311638)
(0.7992654899 0 0.6153859207)
(0.7269119017 0 0.8121335531)
(0.8011638954 0 0.8453982127)
(0.8660254038 0 0.6538461538)
(0.868197952 0 0.8070319666)
(0.8610183956 0 0.5788930131)
(0.8029311804 0 0.5455900183)
(0.06661733875 0 0.6538461538)
(0.1332346775 0 0.6923076923)
(0.1332346775 0 0.7692307692)
(0.1998520163 0 0.7307692308)
(0.1998520163 0 0.8076923077)
(0.266469355 0 0.7692307692)
(0.266469355 0 0.6923076923)
(0.3330866938 0 0.7307692308)
(0.3330866938 0 0.8076923077)
(0.3997040325 0 0.7692307692)
(0.3989068809 0 0.844773139)
(0.4663213713 0 0.8076923077)
(0.3345974195 0 0.8832834408)
(0.4079570172 0 0.925430371)
(0.4663304193 0 0.7307986631)
(0.3330354874 0 0.6539348458)
(0.132948407 0 0.8456580111)
(0.1987872254 0 0.8836836064)
(0.9338329778 0 0.4225447711)
(0.8678617995 0 0.4597145686)
(0.8684263976 0 0.3866532561)
(0.8024510041 0 0.4199196746)
(0.806083741 0 0.3366937613)
(0.7349037746 0 0.3825124957)
(0.733530645 0 0.3076923077)
(0.6671421612 0 0.3458033647)
(0.6657297761 0 0.2712883547)
(0.6001368549 0 0.307976825)
(0.5988505211 0 0.2332755803)
(0.5334112022 0 0.2696959137)
(0.72944857 0 0.2226816213)
(0.5336786287 0 0.1923076923)
(0.4660962475 0 0.2274115088)
(0.4668558785 0 0.3072102114)
(0.4002488756 0 0.2685907995)
(0.3998808308 0 0.1917131973)
(0.3337002465 0 0.2305634867)
(0.3337730389 0 0.3075513554)
(0.2671792838 0 0.2691729865)
(0.6046954732 0 0.1493208663)
(0.2658425807 0 0.1945858169)
(0.200591935 0 0.2307692308)
(0.1975718954 0 0.3011440921)
(0.1987690048 0 0.1567808872)
(0.6669133062 0 0.4230769231)
(0.1342683368 0 0.2000935384)
(0.06661733875 0 0.4230769231)
(0.1332346775 0 0.3846153846)
(0.8058283066 0 0.06712097929)
(0.8439791782 0 0.1338222581)
(0.9289135208 0 0.1254232163)
(0.883673317 0 0.1973962332)
(0.8079308923 0 0.2045957301)
(0.8471685566 0 0.2661158228)
(0.5762738336 0 0.06691654102)
(0.6538461538 0 0.06661733875)
(0.6881654099 0 0.1424307655)
(0.7676869313 0 0.1395447822)
(0.4246655586 0 0.06519432732)
(0.4652757146 0 0.1416585045)
(0.57627383 0 0.9333621079)
(0.5348267827 0 0.8552619124)
(0.6166921273 0 0.8684857986)
(0.6531514379 0 0.9339909267)
(0.1332346775 0 0.6153846154)
(0.1998520163 0 0.6538461538)
(0.535416732 0 0.3430055288)
(0.4711156576 0 0.377340737)
(0.6013341194 0 0.3828136518)
(0.1251462674 0 0.9290202429)
(0.4028874307 0 0.3415379903)
(0.3321348622 0 0.374194982)
(0.7378401862 0 0.4540697992)
(0.3268341482 0 0.1630365204)
(0.7358539671 0 0.5824142429)
(0.0662833565 0 0.8071138335)
(0.8046024027 0 0.9237425508)
(0.1959701593 0 0.07689095958)
(0.2667839857 0 0.8471052788)
(0.2624765519 0 0.3368579309)
(0.06483389449 0 0.3492428622)
(0.3489080883 0 0.05976957611)
(0.3996718932 0 0.6155853109)
(0.3997006977 0 0.6923902613)
(0.6052399983 0 0.5094860289)
(0.1998520163 0 0.4230769231)
(0.5328395039 0 0.692163136)
(0.5323969275 0 0.7692726804)
(0.662225488 0 0.7649180884)
(0.9340456825 0 0.3483806938)
(0.2664096143 0 0.6154880894)
(0.6875887424 0 0.8751967701)
(0.8833076513 0 0.9363101003)
(0.06194986747 0 0.1126994626)
(0.06357828518 0 0.1886561711)
(0.1391254221 0 0.2692307692)
(0.9338350974 0 0.5778644083)
(0.9466486325 0 0.6540344201)
(0.855187418 0 0.7306751348)
(0.9460716954 0 0.8064337556)
(0.5968681014 0 0.8008537583)
(0.4610276419 0 0.8741541936)
(0.53598473 0 0.1230453279)
(0.3789721505 0 0.1211868242)
(0.857209953 0 0.8782931591)
(0.1317549814 0 0.1314047926)
(0.6595832704 0 0.2050036867)
(0.1933952739 0 0.9485730981)
(0.9484713091 0 0.1923076923)
(0.2591654713 0 0.1293168899)
(0.3415063509 0 0.9469551875)
(0.8758614306 0 0.3215580804)
(0.7843971062 0 0.2680343974)
(0.9436883994 0 0.05631160058)
(0.05631160058 0 0.9436883994)
(0.9436883994 0 0.9436883994)
(0.05591994343 0 0.05591994343)
(0.7484859902 0 0.8767039118)
(0.1225340119 0 0.3262264041)
(0.1887914461 0 0.3653113156)
(0.2554087848 0 0.4037728541)
(0.3220261236 0 0.4422343926)
(0.4011576204 0 0.4082476437)
(0.5427585758 0 0.4061421868)
(0.6113565377 0 0.442380992)
(0.6779738764 0 0.4808425305)
(0.8112085539 0 0.4808425305)
(0.8754824347 0 0.5203404086)
(0.4725940476 0 0.440769103)
(0.7439335006 0 0.5192998513)
(0.6580572722 0 0.8243175937)
(0.3130233139 0 0.1063558716)
(1 0.06661733875 0.5)
(1 0.9360845606 0.4968070884)
(1 0.4961045182 0.9332593415)
(1 0.5 0.06502303551)
(1 0.06661733875 0.7307692308)
(1 0.7307692308 0.06661733875)
(1 0.06661733875 0.2692307692)
(1 0.9333826612 0.7307692308)
(1 0.2740595184 0.06138339781)
(1 0.7268779939 0.9352895321)
(1 0.9268297401 0.2665028614)
(1 0.2679112041 0.9310492412)
(1 0.8816403743 0.06489971572)
(1 0.1144499825 0.06366718737)
(1 0.06489971572 0.8816403743)
(1 0.9287778638 0.8789829653)
(1 0.06661733875 0.5769230769)
(1 0.1332346775 0.5384615385)
(1 0.1332346775 0.4615384615)
(1 0.1998520163 0.5)
(1 0.1998520163 0.5769230769)
(1 0.266469355 0.5384615385)
(1 0.266469355 0.4615384615)
(1 0.3312432654 0.5031929116)
(1 0.3327794557 0.5774552289)
(1 0.3993455881 0.5390823824)
(1 0.4013175026 0.4718009857)
(1 0.4683876713 0.5050305366)
(1 0.4666060139 0.5778649737)
(1 0.5333305338 0.539456944)
(1 0.5391390227 0.4721941168)
(1 0.5329797976 0.6155022844)
(1 0.5996282007 0.5771085893)
(1 0.4663756596 0.6540227481)
(1 0.599574922 0.6538966841)
(1 0.6661885584 0.6154239558)
(1 0.6700118185 0.5449330006)
(1 0.6661733875 0.6923076923)
(1 0.598837515 0.7295276672)
(1 0.7327932548 0.6538527106)
(1 0.7327911477 0.7307703236)
(1 0.7985500857 0.6923089672)
(1 0.7984066677 0.7692311638)
(1 0.7992654899 0.6153859207)
(1 0.7269119017 0.8121335531)
(1 0.8011638954 0.8453982127)
(1 0.8660254038 0.6538461538)
(1 0.868197952 0.8070319666)
(1 0.8610183956 0.5788930131)
(1 0.8029311804 0.5455900183)
(1 0.06661733875 0.6538461538)
(1 0.1332346775 0.6923076923)
(1 0.1332346775 0.7692307692)
(1 0.1998520163 0.7307692308)
(1 0.1998520163 0.8076923077)
(1 0.266469355 0.7692307692)
(1 0.266469355 0.6923076923)
(1 0.3330866938 0.7307692308)
(1 0.3330866938 0.8076923077)
(1 0.3997040325 0.7692307692)
(1 0.3989068809 0.844773139)
(1 0.4663213713 0.8076923077)
(1 0.3345974195 0.8832834408)
(1 0.4079570172 0.925430371)
(1 0.132948407 0.8456580111)
(1 0.1987872254 0.8836836064)
(1 0.3330354874 0.6539348458)
(1 0.1251462674 0.9290202429)
(1 0.4663304193 0.7307986631)
(1 0.0662833565 0.8071138335)
(1 0.06661733875 0.4230769231)
(1 0.1332346775 0.3846153846)
(1 0.9338329778 0.4225447711)
(1 0.8678617995 0.4597145686)
(1 0.8684263976 0.3866532561)
(1 0.8024510041 0.4199196746)
(1 0.806083741 0.3366937613)
(1 0.7349037746 0.3825124957)
(1 0.733530645 0.3076923077)
(1 0.6671421612 0.3458033647)
(1 0.6657297761 0.2712883547)
(1 0.6001368549 0.307976825)
(1 0.5988505211 0.2332755803)
(1 0.5334112022 0.2696959137)
(1 0.72944857 0.2226816213)
(1 0.5336786287 0.1923076923)
(1 0.4660962475 0.2274115088)
(1 0.4668558785 0.3072102114)
(1 0.4002488756 0.2685907995)
(1 0.3998808308 0.1917131973)
(1 0.3337002465 0.2305634867)
(1 0.3337730389 0.3075513554)
(1 0.2671792838 0.2691729865)
(1 0.6046954732 0.1493208663)
(1 0.2658425807 0.1945858169)
(1 0.200591935 0.2307692308)
(1 0.1987690048 0.1567808872)
(1 0.2632618502 0.339686034)
(1 0.6669133062 0.4230769231)
(1 0.1342683368 0.2000935384)
(1 0.3310697117 0.3738863226)
(1 0.8058283066 0.06712097929)
(1 0.8439791782 0.1338222581)
(1 0.9289135208 0.1254232163)
(1 0.883673317 0.1973962332)
(1 0.8079308923 0.2045957301)
(1 0.8471685566 0.2661158228)
(1 0.5762738336 0.06691654102)
(1 0.6538461538 0.06661733875)
(1 0.6881654099 0.1424307655)
(1 0.7676869313 0.1395447822)
(1 0.4246655586 0.06519432732)
(1 0.4652757146 0.1416585045)
(1 0.57627383 0.9333621079)
(1 0.5348267827 0.8552619124)
(1 0.6166921273 0.8684857986)
(1 0.6531514379 0.9339909267)
(1 0.535416732 0.3430055288)
(1 0.4711156576 0.377340737)
(1 0.6013341194 0.3828136518)
(1 0.1969139915 0.3000661234)
(1 0.1332346775 0.6153846154)
(1 0.1998520163 0.6538461538)
(1 0.3268341482 0.1630365204)
(1 0.7378401862 0.4540697992)
(1 0.7358539671 0.5824142429)
(1 0.1959701593 0.07689095958)
(1 0.8046024027 0.9237425508)
(1 0.2667839857 0.8471052788)
(1 0.4024279473 0.3397498133)
(1 0.06483389449 0.3492428622)
(1 0.3489080883 0.05976957611)
(1 0.6052399983 0.5094860289)
(1 0.1998520163 0.4230769231)
(1 0.662225488 0.7649180884)
(1 0.9340456825 0.3483806938)
(1 0.3996718932 0.6155853109)
(1 0.3997006977 0.6923902613)
(1 0.2664096143 0.6154880894)
(1 0.5328395039 0.692163136)
(1 0.5323969275 0.7692726804)
(1 0.6875887424 0.8751967701)
(1 0.8833076513 0.9363101003)
(1 0.06194986747 0.1126994626)
(1 0.06357828518 0.1886561711)
(1 0.1391254221 0.2692307692)
(1 0.9338350974 0.5778644083)
(1 0.9466486325 0.6540344201)
(1 0.855187418 0.7306751348)
(1 0.9460716954 0.8064337556)
(1 0.5968681014 0.8008537583)
(1 0.4610276419 0.8741541936)
(1 0.53598473 0.1230453279)
(1 0.3789721505 0.1211868242)
(1 0.857209953 0.8782931591)
(1 0.1317549814 0.1314047926)
(1 0.6595832704 0.2050036867)
(1 0.1933952739 0.9485730981)
(1 0.9484713091 0.1923076923)
(1 0.2591654713 0.1293168899)
(1 0.3415063509 0.9469551875)
(1 0.8758614306 0.3215580804)
(1 0.7843971062 0.2680343974)
(1 0.9436883994 0.05631160058)
(1 0.05631160058 0.9436883994)
(1 0.9436883994 0.9436883994)
(1 0.05591994343 0.05591994343)
(1 0.7484859902 0.8767039118)
(1 0.1225340119 0.3262264041)
(1 0.1887914461 0.3653113156)
(1 0.2554087848 0.4037728541)
(1 0.3220261236 0.4422343926)
(1 0.4009035147 0.4078981709)
(1 0.5427585758 0.4061421868)
(1 0.6113565377 0.442380992)
(1 0.6779738764 0.4808425305)
(1 0.8112085539 0.4808425305)
(1 0.8754824347 0.5203404086)
(1 0.4725637969 0.4407274991)
(1 0.7439335006 0.5192998513)
(1 0.6580572722 0.8243175937)
(1 0.3130233139 0.1063558716)
(0.9349769645 1 0.5)
(0.05719711385 1 0.5011177851)
(0.5031929116 1 0.9360845606)
(0.5 1 0.06661733875)
(0.7307692308 1 0.06661733875)
(0.9386166022 1 0.7259404816)
(0.2692307692 1 0.06661733875)
(0.2692307692 1 0.9333826612)
(0.9316421236 1 0.2683854383)
(0.7307692308 1 0.9333826612)
(0.0522960303 1 0.7331534397)
(0.06973800649 1 0.268047306)
(0.8816403743 1 0.06489971572)
(0.8789829653 1 0.9287778638)
(0.1210170347 1 0.9287778638)
(0.1183596257 1 0.06489971572)
(0.1928035274 1 0.06633106825)
(0.2308518699 1 0.1331869658)
(0.3077060809 1 0.1332267255)
(0.269246838 1 0.199842739)
(0.3461588198 1 0.1998491447)
(0.3076958148 1 0.2664673302)
(0.3846167981 1 0.266468539)
(0.3461546662 1 0.3330862203)
(0.4230772953 1 0.3330864788)
(0.3846155833 1 0.3997039178)
(0.4615385567 1 0.3997039776)
(0.4230769721 1 0.466321343)
(0.500000024 1 0.4663213574)
(0.5384615583 1 0.399704021)
(0.4615384737 1 0.532938703)
(0.5384615445 1 0.5329387065)
(0.3846153948 1 0.5329387041)
(0.423076924 1 0.5995560482)
(0.346153848 1 0.5995560477)
(0.3846153851 1 0.6661733873)
(0.4615384618 1 0.6661733874)
(0.3076924775 1 0.3997039345)
(0.3076923081 1 0.6661733873)
(0.4615387592 1 0.2664691832)
(0.2692307696 1 0.5995560486)
(0.4230769232 1 0.7327907262)
(0.5000000001 1 0.7319322553)
(0.2307692309 1 0.6661733875)
(0.2692307693 1 0.7327907262)
(0.2307724934 1 0.2664674713)
(0.5384615385 1 0.666030309)
(0.5769230769 1 0.7317653304)
(0.6153846154 1 0.6659786418)
(0.6538461539 1 0.7325873693)
(0.6923076923 1 0.6661070371)
(0.7307692308 1 0.732745775)
(0.7692307692 1 0.6661548372)
(0.7307692308 1 0.5995418987)
(0.6071533285 1 0.8098049461)
(0.1923076924 1 0.5995560487)
(0.2307692308 1 0.53293871)
(0.808113364 1 0.6000674191)
(0.7727361913 1 0.5339420515)
(0.6928919293 1 0.5331035752)
(0.7314508406 1 0.4665160724)
(0.8076923077 1 0.4663213713)
(0.7693443709 1 0.3997364827)
(0.6924402276 1 0.3997418911)
(0.7307692308 1 0.3330866938)
(0.6538682431 1 0.3330930035)
(0.6923113738 1 0.2664704066)
(0.7692313828 1 0.2664695303)
(0.6153889105 1 0.2664705819)
(0.6538461538 1 0.1998520163)
(0.5769237928 1 0.1998522207)
(0.8463804341 1 0.4005119611)
(0.4697697484 1 0.8098578435)
(0.3859872658 1 0.8011496948)
(0.6153847347 1 0.1332347116)
(0.3846185091 1 0.1332328736)
(0.1946297381 1 0.73413136)
(0.2307692308 1 0.799408065)
(0.1567325352 1 0.8012587944)
(0.8053702619 1 0.7341207764)
(0.7692307692 1 0.799408065)
(0.8432674648 1 0.8012570305)
(0.4157109386 1 0.8690673584)
(0.8069527161 1 0.8682386542)
(0.1930472839 1 0.8682387198)
(0.3411175743 1 0.8664058351)
(0.158972128 1 0.5341798149)
(0.1945427285 1 0.4657310705)
(0.1205947306 1 0.5962837463)
(0.6923077122 1 0.1332346832)
(0.5384616777 1 0.1332347173)
(0.1544384013 1 0.1328927433)
(0.07086041912 1 0.1252904284)
(0.1154024756 1 0.1992336734)
(0.3461566624 1 0.06661571277)
(0.4230771808 1 0.06661718995)
(0.7307699499 1 0.1998522217)
(0.8076925298 1 0.1998520797)
(0.8480961296 1 0.266788742)
(0.8846153846 1 0.1998520163)
(0.8861452379 1 0.3396672674)
(0.8456580481 1 0.1329484176)
(0.9291533594 1 0.1252983819)
(0.7691482964 1 0.1331870133)
(0.07173124445 1 0.4125363807)
(0.5742623173 1 0.9365348771)
(0.5385375602 1 0.8631701788)
(0.5769230769 1 0.06661733875)
(0.5384624232 1 0.2664695649)
(0.8071000942 1 0.06627541422)
(0.6540792175 1 0.4663876087)
(0.9348056727 1 0.5753344414)
(0.8583378186 1 0.5347223638)
(0.9402304239 1 0.6510919117)
(0.9276445071 1 0.4134321975)
(0.4615390484 1 0.1332343587)
(0.4230786558 1 0.1998510192)
(0.9230533394 1 0.8033887114)
(0.6909358112 1 0.8002410229)
(0.6612121384 1 0.8681096015)
(0.192426372 1 0.199682158)
(0.1526719425 1 0.266600666)
(0.1921125342 1 0.333108265)
(0.1153624915 1 0.3363760192)
(0.2691995361 1 0.3330895423)
(0.154156538 1 0.4003581891)
(0.3076923098 1 0.5329387088)
(0.8083277977 1 0.3343767795)
(0.5769230774 1 0.5995273219)
(0.07564846522 1 0.804419386)
(0.2696033039 1 0.4662229713)
(0.5000000033 1 0.5995274127)
(0.3462160069 1 0.4663049299)
(0.3463824932 1 0.7330809978)
(0.653846177 1 0.06661734538)
(0.6154492334 1 0.3997224316)
(0.1555273674 1 0.6654468287)
(0.8368929623 1 0.6731269669)
(0.6539435268 1 0.5995328641)
(0.2307692308 1 0.3997040325)
(0.5769585212 1 0.4663314436)
(0.5769383948 1 0.3330910495)
(0.6155429695 1 0.5329702534)
(0.3071196838 1 0.7989516495)
(0.5000028313 1 0.3330873792)
(0.5000007262 1 0.199851844)
(0.06827475276 1 0.6572856483)
(0.9362280513 1 0.8831631642)
(0.06361740163 1 0.8832858636)
(0.6515505052 1 0.9378676235)
(0.7318201331 1 0.853876001)
(0.8064179055 1 0.9460798359)
(0.5384723987 1 0.7907207189)
(0.4230769231 1 0.9385334871)
(0.3489530627 1 0.9375004288)
(0.2682569084 1 0.8532773861)
(0.1935820945 1 0.946079849)
(0.1229523442 1 0.4722361663)
(0.876331142 1 0.4615384615)
(0.8787719037 1 0.6210124234)
(0.05350180741 1 0.5769230769)
(0.1220125441 1 0.8571961255)
(0.8776969074 1 0.8569650848)
(0.05202196999 1 0.3461538462)
(0.05152869085 1 0.1923076923)
(0.9484713091 1 0.1923076923)
(0.1293168899 1 0.7408345287)
(0.8706831101 1 0.7408345287)
(0.9490863737 1 0.3427585191)
(0.9436883994 1 0.05631160058)
(0.9436883994 1 0.9436883994)
(0.05631160058 1 0.05631160058)
(0.05631160058 1 0.9436883994)
(0.4752682195 1 0.880640583)
(0.6014904235 1 0.8805154604)
(0.1002404062 1 0.5428202349)
(0.8936327213 1 0.6869711442)
(0 0.5 0.06661733875)
(0 0.5031929116 0.9360845606)
(0 0.06674065854 0.4961045182)
(0 0.9349769645 0.5)
(0 0.7389114643 0.07640250875)
(0 0.9333826612 0.7307692308)
(0 0.2692307692 0.06661733875)
(0 0.2692307692 0.9333826612)
(0 0.9386166022 0.2740595184)
(0 0.7386379436 0.9280137981)
(0 0.06471046786 0.7268779939)
(0 0.06895075882 0.2679112041)
(0 0.8789829653 0.07122213617)
(0 0.8776925898 0.9306207969)
(0 0.1210170347 0.9287778638)
(0 0.1183596257 0.06489971572)
(0 0.5769230769 0.06661733875)
(0 0.5384615385 0.1332346775)
(0 0.4615384615 0.1332346775)
(0 0.5 0.1998520163)
(0 0.4230769231 0.1998520163)
(0 0.4615384615 0.266469355)
(0 0.5384615385 0.266469355)
(0 0.4968070884 0.3312432654)
(0 0.4225447711 0.3327794557)
(0 0.4609176176 0.3993455881)
(0 0.5281990143 0.4013175026)
(0 0.4949694634 0.4683876713)
(0 0.4221350263 0.4666060139)
(0 0.460543056 0.5333305338)
(0 0.5278058832 0.5391390227)
(0 0.3844977156 0.5329797976)
(0 0.4228914107 0.5996282007)
(0 0.3459772519 0.4663756596)
(0 0.3461033159 0.599574922)
(0 0.3845760442 0.6661885584)
(0 0.4582843442 0.6680450704)
(0 0.3076923077 0.6661733875)
(0 0.2704723328 0.598837515)
(0 0.3461472894 0.7327932548)
(0 0.2692296764 0.7327911477)
(0 0.6121917038 0.1305327782)
(0 0.3076910328 0.7985500857)
(0 0.2307688362 0.7984066677)
(0 0.3846140793 0.7992654899)
(0 0.3846153846 0.1332346775)
(0 0.3461538462 0.1998520163)
(0 0.1878664469 0.7269119017)
(0 0.1546017873 0.8011638954)
(0 0.3461538462 0.8660254038)
(0 0.1929680334 0.868197952)
(0 0.4211069869 0.8610183956)
(0 0.4547752316 0.8024832974)
(0 0.5774552289 0.9338329778)
(0 0.5402854314 0.8678617995)
(0 0.6157772895 0.8670231214)
(0 0.5786815242 0.8011664577)
(0 0.6531256255 0.7997377069)
(0 0.6187505135 0.7354754395)
(0 0.6916695387 0.7331634089)
(0 0.6543007779 0.6671762327)
(0 0.7286226434 0.6656742487)
(0 0.6920256984 0.600133279)
(0 0.7667100066 0.5988406705)
(0 0.7303021047 0.5334089645)
(0 0.778220359 0.7307442876)
(0 0.8076923077 0.5336786287)
(0 0.7725881609 0.4660958745)
(0 0.6927894032 0.4668554434)
(0 0.7314090812 0.4002487409)
(0 0.8082867832 0.3998808088)
(0 0.7694364902 0.3337002203)
(0 0.6924486209 0.3337730121)
(0 0.7308270057 0.267179275)
(0 0.8506776629 0.604694468)
(0 0.8054141779 0.2658425748)
(0 0.7719497262 0.2021425963)
(0 0.8437279437 0.198995305)
(0 0.6603139608 0.2632618442)
(0 0.5842203565 0.6710480344)
(0 0.8091162019 0.12792046)
(0 0.6261136725 0.3310697062)
(0 0.3076923077 0.1332346775)
(0 0.2692307692 0.1998520163)
(0 0.3076923077 0.266469355)
(0 0.2307692308 0.266469355)
(0 0.1923076923 0.1998520163)
(0 0.2692307692 0.3330866938)
(0 0.1923076923 0.3330866938)
(0 0.2307692308 0.3997040325)
(0 0.155226861 0.3989068809)
(0 0.1923076923 0.4663213713)
(0 0.1167165592 0.3345974195)
(0 0.07456962905 0.4079570172)
(0 0.1928035274 0.06633106825)
(0 0.1544246281 0.1329006953)
(0 0.07085845152 0.1252915644)
(0 0.1153676382 0.1992281629)
(0 0.06663789205 0.57627383)
(0 0.1447380876 0.5348267827)
(0 0.1315142014 0.6166921273)
(0 0.9330833697 0.5762737725)
(0 0.9333826612 0.6538461538)
(0 0.8584362211 0.6906862575)
(0 0.8603025612 0.7690827712)
(0 0.7971731573 0.813976555)
(0 0.8679051498 0.8484785408)
(0 0.8068388184 0.8880644417)
(0 0.9348056727 0.4246655586)
(0 0.8583414455 0.4652756581)
(0 0.7065650661 0.1990223792)
(0 0.6569944973 0.5354156905)
(0 0.6226592202 0.4711154818)
(0 0.6195456011 0.6026848423)
(0 0.4213994981 0.7335943995)
(0 0.491713957 0.7376114811)
(0 0.8369634716 0.3268341392)
(0 0.3460651542 0.3330354874)
(0 0.2692013369 0.4663304193)
(0 0.9402304239 0.3489080883)
(0 0.9231191221 0.1966473365)
(0 0.6602500907 0.4024278176)
(0 0.07625744922 0.8046024027)
(0 0.4910508982 0.6048025878)
(0 0.3845119106 0.2664096143)
(0 0.0660090733 0.6531514379)
(0 0.153053612 0.2667465838)
(0 0.6896022856 0.863498089)
(0 0.6548608426 0.9320613311)
(0 0.6546710408 0.06693941289)
(0 0.5751222712 0.1987750761)
(0 0.2350819116 0.662225488)
(0 0.4230769231 0.06661733875)
(0 0.3844146891 0.3996718932)
(0 0.3076097387 0.3997006977)
(0 0.307836864 0.5328395039)
(0 0.2307273196 0.5323969275)
(0 0.3461538462 0.06661733875)
(0 0.2309482823 0.133131302)
(0 0.9328589794 0.8074270548)
(0 0.1248032299 0.6875887424)
(0 0.9362358826 0.1168411272)
(0 0.06368989973 0.8833076513)
(0 0.9366068487 0.8825569964)
(0 0.6827218811 0.1343939645)
(0 0.8084790494 0.05510902098)
(0 0.4221355917 0.9338350974)
(0 0.3459655799 0.9466486325)
(0 0.2693248652 0.855187418)
(0 0.1935662444 0.9460716954)
(0 0.7256514947 0.7980325791)
(0 0.1991462417 0.5968681014)
(0 0.1258458064 0.4610276419)
(0 0.8769543501 0.5359845055)
(0 0.8788131629 0.3789721359)
(0 0.1217068409 0.857209953)
(0 0.8768104962 0.1418148804)
(0 0.7965333786 0.6581279865)
(0 0.05140027531 0.1931150567)
(0 0.8706831101 0.2591654713)
(0 0.05304481249 0.3415063509)
(0 0.8076923077 0.950875763)
(0 0.7515807399 0.8583170926)
(0 0.9436883994 0.05631160058)
(0 0.9436883994 0.9436883994)
(0 0.05631160058 0.05631160058)
(0 0.05631160058 0.9436883994)
(0 0.1232960882 0.7484859902)
(0 0.7465881452 0.1458782938)
(0 0.6388570048 0.1968991378)
(0 0.5962271459 0.2554087848)
(0 0.5577656074 0.3220261236)
(0 0.5921018051 0.4009034629)
(0 0.5940011099 0.5428405429)
(0 0.5571882624 0.6100416327)
(0 0.5561426899 0.7431282326)
(0 0.5191574695 0.8112085539)
(0 0.4796754377 0.8754630034)
(0 0.5592895521 0.4725735278)
(0 0.5201868844 0.6760484639)
(0 0.1756824063 0.6580572722)
(0 0.8936441263 0.3130233115)
(0.5038546211 0.5040142474 0.5039244001)
(0.3186078426 0.3194235596 0.3194956375)
(0.3180937354 0.3169938918 0.6830045864)
(0.3180426024 0.6830265177 0.3169736225)
(0.6821437249 0.3168879292 0.3178580592)
(0.6845115953 0.684552081 0.315437622)
(0.6849678821 0.3162168851 0.6837831149)
(0.3149885342 0.6837742355 0.683872059)
(0.6854180941 0.6855323205 0.6868246514)
(0.4999987546 0.4892648653 0.2502358308)
(0.5006463432 0.2509374723 0.4828209099)
(0.509263987 0.4936114505 0.7535095831)
(0.2511071043 0.4819521422 0.5022494591)
(0.5000000101 0.7539337645 0.5107329177)
(0.7523495273 0.5012996253 0.4722149466)
(0.5005050897 0.7762110316 0.2238083926)
(0.2224110484 0.4993696443 0.7754023078)
(0.775667598 0.2223742514 0.4999369747)
(0.4990484543 0.77819498 0.7745377692)
(0.2439944869 0.2166403877 0.500466075)
(0.2166955187 0.5005517638 0.2439450145)
(0.4992834059 0.2238716876 0.2221629722)
(0.501135996 0.223519641 0.7765418045)
(0.2233940553 0.7767076072 0.4994575411)
(0.7767721577 0.7761824131 0.5006664935)
(0.7764236307 0.4995081014 0.2236339269)
(0.7766662884 0.5000025294 0.7776545055)
(0.8000040557 0.202147969 0.1999959443)
(0.203055986 0.2010965785 0.201352824)
(0.7987718378 0.1987766103 0.8012233897)
(0.1996129036 0.2015314356 0.7984639032)
(0.2308517691 0.8074947426 0.1925080759)
(0.8021723538 0.8025021749 0.7998611066)
(0.8104290385 0.8114139784 0.241972335)
(0.2007612125 0.8010315668 0.8008932604)
(0.5054653289 0.6438585829 0.3578686019)
(0.6458434504 0.5124270171 0.6262656702)
(0.3517398293 0.6400515239 0.4963471001)
(0.3573589668 0.5077354934 0.6504067413)
(0.4952714723 0.348206976 0.6400501779)
(0.6493320078 0.3544716263 0.5084287119)
(0.8223607807 0.5891016422 0.6154953514)
(0.8231519762 0.3764127152 0.5829824239)
(0.4890071481 0.6434988416 0.6538693338)
(0.6477729577 0.6473402477 0.50360982)
(0.3565275101 0.5111597445 0.3581943398)
(0.5878523828 0.6269147215 0.1754725414)
(0.5959197891 0.1756667655 0.6155000822)
(0.4164894937 0.1786697637 0.6241506077)
(0.5886049248 0.8249655483 0.3720763813)
(0.363285711 0.5798721354 0.177125565)
(0.1753120522 0.5902939617 0.6226970529)
(0.4132776771 0.6282469022 0.8234909008)
(0.4103101752 0.8260488918 0.3701270492)
(0.3697936637 0.4097378979 0.8261388758)
(0.3970379901 0.3710657055 0.1711362717)
(0.6024206911 0.3707535052 0.1710816262)
(0.1727006456 0.351897907 0.4128374415)
(0.1689958329 0.384481943 0.6218261197)
(0.3846153859 0.8302348691 0.6179885837)
(0.6070167117 0.8297939398 0.6264656349)
(0.6218261197 0.384481943 0.8313308224)
(0.5891002764 0.6333727669 0.8244584262)
(0.1779986734 0.6229459178 0.4150145845)
(0.6343915268 0.1710120767 0.4025090829)
(0.3590026928 0.3462070022 0.5164431466)
(0.8292964026 0.3591159113 0.4037821998)
(0.8305034296 0.6375045122 0.3974387782)
(0.4048018564 0.1733452202 0.3596412268)
(0.1695984983 0.6483625413 0.1695371643)
(0.6135404361 0.4634075381 0.3773157746)
(0.1626837031 0.3632528295 0.1653125597)
(0.165067868 0.1623951677 0.637170989)
(0.4644815633 0.3817794923 0.380524972)
(0.8348154415 0.6438383387 0.8376108481)
(0.1684750536 0.8324307464 0.3486029565)
(0.830425437 0.6551123228 0.170125791)
(0.6549771421 0.8303620713 0.170414176)
(0.1617637953 0.6415104679 0.8372986822)
(0.1638647031 0.1663775233 0.3612830593)
(0.3576173821 0.1627756262 0.8372243738)
(0.8363684786 0.3495089606 0.7453359486)
(0.7544512151 0.1612087164 0.649226498)
(0.6419816058 0.1634083273 0.8371622438)
(0.8373626181 0.748161609 0.649820748)
(0.8361110258 0.162194973 0.357259557)
(0.646622402 0.7838989072 0.8411272473)
(0.8063988079 0.3567779865 0.1551066663)
(0.6479144731 0.1591734572 0.2403798537)
(0.1556263593 0.3540225455 0.7783122985)
(0.1710380571 0.7497569866 0.6502501465)
(0.3561504097 0.8058364832 0.8443448144)
(0.3546767175 0.2182687495 0.1555054771)
(0.3652069844 0.7352954081 0.1556922763)
(0.7397129472 0.8518994363 0.3723983379)
(0.2962030825 0.1442685752 0.702577099)
(0.8555735762 0.4979967809 0.3503048667)
(0.3616030545 0.8584696429 0.2353437011)
(0.7420638022 0.856262034 0.6773056977)
(0.1409300013 0.4884447568 0.3703442898)
(0.6560093217 0.5028300485 0.1421241007)
(0.3660646922 0.1398220399 0.4945941859)
(0.7498567579 0.3225225864 0.8582111783)
(0.6580479012 0.8582913897 0.4943245497)
(0.2950579063 0.2908919433 0.8595416437)
(0.4893792387 0.339219883 0.8592946979)
(0.6815033823 0.2555413666 0.1399792737)
(0.1397311419 0.2945451525 0.2873151001)
(0.2589610677 0.8594726941 0.6825381939)
(0.1366517032 0.7041283357 0.2961483849)
(0.5496154158 0.271903177 0.3470627756)
(0.337761017 0.8598862824 0.4873326681)
(0.8615259719 0.2540344788 0.6435229846)
(0.6552931195 0.5519905914 0.2749781226)
(0.278359085 0.4366538283 0.13542607)
(0.3090307409 0.1340343426 0.2646697746)
(0.862701524 0.3055261438 0.2758071997)
(0.8640261697 0.1383659466 0.566579157)
(0.8621642344 0.7757947279 0.3717467832)
(0.1364081544 0.8653467615 0.5631460146)
(0.8644848777 0.429483476 0.8604865403)
(0.7013340413 0.7013777427 0.1370532296)
(0.2920023217 0.6835339927 0.8652909172)
(0.1339450404 0.1343275965 0.4918155238)
(0.1309848169 0.2691323907 0.557948013)
(0.1356988729 0.5201821139 0.1352862679)
(0.8636540224 0.4714104191 0.6744609097)
(0.6406926304 0.5124198008 0.786617149)
(0.4515548164 0.8652565032 0.1347435444)
(0.7118357456 0.594599899 0.8683319064)
(0.8592257165 0.8644488946 0.5732697138)
(0.5303718163 0.1349575817 0.3213404337)
(0.8701078511 0.871233575 0.7087686567)
(0.48619846 0.5511006237 0.1321515552)
(0.3220988068 0.5332896692 0.8643502007)
(0.4668996712 0.6466511772 0.2295974639)
(0.8710660721 0.4927418472 0.5350980616)
(0.4973637999 0.5419536812 0.8745118426)
(0.866539528 0.6768608431 0.5220729184)
(0.1335426524 0.679800042 0.5298035216)
(0.4997291075 0.3561331537 0.2546539236)
(0.2443527799 0.4019200722 0.8872995736)
(0.6802236953 0.1312816643 0.5216766966)
(0.4936614105 0.8721037667 0.6809447972)
(0.5013035612 0.1288014653 0.5349568756)
(0.1304397615 0.5167395664 0.8692664672)
(0.1272554896 0.4344911803 0.5062217747)
(0.8683541974 0.1307601362 0.7106422118)
(0.737586915 0.4371823857 0.3352301012)
(0.5957818615 0.4124692011 0.6960634804)
(0.481939261 0.1304017548 0.8683879153)
(0.126081942 0.4885238101 0.68797004)
(0.1278888603 0.7639108041 0.1246431718)
(0.5432184217 0.8658268651 0.8662068967)
(0.2808408994 0.3177633139 0.1950535046)
(0.5000000083 0.8773119041 0.5513212161)
(0.3796106223 0.4703092142 0.4803663028)
(0.2900759243 0.8756726733 0.3654548951)
(0.2552287023 0.4296398952 0.34843676)
(0.5209729617 0.375409568 0.5153056896)
(0.4849564632 0.5169902636 0.3761548651)
(0.740141682 0.4323478797 0.6656796936)
(0.4996256967 0.3114997227 0.1209878997)
(0.2856179226 0.1330151052 0.3926119378)
(0.4810215946 0.4763616704 0.6283347083)
(0.6858412901 0.5836601644 0.3970973477)
(0.1249701719 0.8735023804 0.873572575)
(0.4798160119 0.6292790947 0.4836115864)
(0.8706504985 0.4664301137 0.1267901385)
(0.602759852 0.8662078869 0.7509271124)
(0.1215773733 0.272635318 0.6855613918)
(0.5899264384 0.7046294638 0.6030088623)
(0.3281522169 0.7463053096 0.4282349908)
(0.5003611861 0.1273780398 0.1313298832)
(0.8741163827 0.8744140974 0.8760224862)
(0.4283659007 0.3275420499 0.7472906327)
(0.5732004776 0.7433079422 0.1231462369)
(0.1270302624 0.2747185118 0.8756695227)
(0.4259229833 0.1209728279 0.7377160471)
(0.3479011267 0.4684234296 0.237956619)
(0.5748393252 0.1268087095 0.7331345846)
(0.675045303 0.7473255805 0.4273550604)
(0.8760411077 0.6461670039 0.7165739339)
(0.3784897245 0.8754413536 0.7383737748)
(0.1209934616 0.7508437037 0.8797432905)
(0.5723535149 0.8770115366 0.2562946756)
(0.6297955248 0.4809092909 0.5032023997)
(0.8740914172 0.6048583681 0.2805565683)
(0.2709547973 0.1218009609 0.5802978421)
(0.2549000992 0.6760254176 0.5714416908)
(0.291419798 0.4108470806 0.6020477314)
(0.7743725905 0.8680570052 0.128161055)
(0.8639915071 0.7739555332 0.1296479171)
(0.880266792 0.2921911386 0.5085860559)
(0.3989171858 0.7073133103 0.5923712938)
(0.1206497683 0.654575053 0.7177449844)
(0.7157213937 0.1284695247 0.1301149787)
(0.3395042172 0.2576027511 0.4280543965)
(0.8409265517 0.8775459712 0.4469579009)
(0.2517408565 0.5666611528 0.1202438115)
(0.5957712297 0.5985186503 0.7035154235)
(0.1215951825 0.2537354941 0.1240157665)
(0.8725555052 0.2802569579 0.8714656081)
(0.1189638107 0.4230254744 0.2660677167)
(0.4987418657 0.7045879027 0.8778037793)
(0.1278381075 0.1257150232 0.8742987543)
(0.1232432308 0.120569192 0.7453713512)
(0.745205732 0.680478502 0.5761380306)
(0.1232596539 0.5783057716 0.2818727374)
(0.722945914 0.44400954 0.8766627994)
(0.3089197103 0.8759634266 0.1240357928)
(0.2870087678 0.1205389474 0.1199811582)
(0.5928549617 0.2714723109 0.8754669112)
(0.6826086741 0.2552515858 0.5754916053)
(0.228694705 0.3380185282 0.5230613551)
(0.7288636618 0.6988615506 0.8026330796)
(0.1272640457 0.8749507629 0.2328398906)
(0.3169850389 0.5759531854 0.7470080177)
(0.1301350282 0.8604937604 0.7076091152)
(0.1245544009 0.7369306472 0.4179433772)
(0.8789018402 0.119073478 0.2486280763)
(0.8630600992 0.1241453332 0.1237222258)
(0.878254767 0.4279469366 0.2472329197)
(0.1204067603 0.1224937063 0.2525712703)
(0.5636645652 0.5876689596 0.5726124444)
(0.1183246975 0.5574807045 0.5177460088)
(0.8779363816 0.7499594951 0.8799310217)
(0.7292531417 0.8745177344 0.8754564124)
(0.5122945666 0.4328306107 0.1170351305)
(0.4991705418 0.8839198736 0.4298156817)
(0.8755086907 0.1261393231 0.8727235511)
(0.7565769119 0.1181134677 0.2764694007)
(0.4299189463 0.1178610274 0.2533685167)
(0.1320818447 0.1275552231 0.1265711345)
(0.2375865551 0.2570984178 0.6147194123)
(0.1165656038 0.2471384817 0.439103769)
(0.2562816776 0.577504641 0.3315384038)
(0.7110975581 0.3912062557 0.224482171)
(0.4674676175 0.6852316119 0.1150126453)
(0.7389573733 0.231246561 0.3838098343)
(0.5730547917 0.2691302596 0.6897940131)
(0.4198824098 0.5807374013 0.5768719408)
(0.6687396231 0.2030171214 0.7241366513)
(0.115776053 0.398492005 0.8822360189)
(0.7291709722 0.5720903611 0.6918842789)
(0.3063509288 0.4289031463 0.7256852657)
(0.3914537253 0.4788734692 0.1190718072)
(0.5729983413 0.6946531743 0.2730623154)
(0.7405428653 0.1153740986 0.4181537773)
(0.6709658098 0.801265875 0.2867235477)
(0.2530390033 0.7168617463 0.1168578706)
(0.4324653521 0.2830847455 0.3211852234)
(0.2610977684 0.8785148973 0.876391453)
(0.4298233543 0.7237687005 0.3123871495)
(0.8030000515 0.7023539742 0.2950878676)
(0.5729767885 0.572644256 0.4347293197)
(0.7627521417 0.5596039331 0.1165134877)
(0.3922564069 0.6210590834 0.3861853559)
(0.1165301349 0.882926612 0.1135133416)
(0.8898101434 0.184744502 0.4615384615)
(0.492819342 0.7609766023 0.6403419457)
(0.3994526745 0.7613129614 0.7129797994)
(0.4349132792 0.2376274121 0.8870021776)
(0.6076797432 0.2713343094 0.2366626723)
(0.8788291501 0.8814312889 0.31400967)
(0.2495863982 0.1276583109 0.8816892172)
(0.2062157227 0.8829608344 0.4492439191)
(0.2393723311 0.4990568632 0.659299429)
(0.5667256099 0.8861405212 0.1133184747)
(0.5685115404 0.2844320573 0.5730864536)
(0.5726360879 0.218925413 0.1118513328)
(0.6082332788 0.4453418562 0.261488212)
(0.2344976672 0.2592489288 0.3753114092)
(0.2526400958 0.8880262256 0.5647231194)
(0.2786621992 0.6528697608 0.2111908693)
(0.2967398737 0.5665932494 0.5692155345)
(0.8866248527 0.5377384054 0.8111896712)
(0.372478294 0.2250531117 0.7392847535)
(0.591640559 0.7503021752 0.7099428427)
(0.3400449448 0.2406268248 0.5618289235)
(0.7602630664 0.5936817035 0.3068948769)
(0.4613360082 0.8863550402 0.2861020509)
(0.7273736751 0.8922255819 0.2423016884)
(0.428692281 0.568593414 0.7180681277)
(0.7008349489 0.3733126817 0.1090968598)
(0.593728047 0.4810287151 0.8863519777)
(0.5698778842 0.6998340744 0.4360260179)
(0.5792116643 0.3598856909 0.4163719493)
(0.2231204536 0.6963255741 0.7546283049)
(0.2621504588 0.7832892179 0.301384381)
(0.352654398 0.3847612024 0.4080645999)
(0.8868272109 0.2727277016 0.1662633153)
(0.3940528958 0.3992596903 0.6578708982)
(0.7177902833 0.386401989 0.768433276)
(0.7228049946 0.5683871965 0.5611876698)
(0.7253450618 0.1110362719 0.7719241919)
(0.7453997849 0.8893035199 0.5653506242)
(0.7619960688 0.3364015609 0.4942072574)
(0.480254246 0.1134882424 0.4227765614)
(0.8822395003 0.8818286574 0.1775544379)
(0.5027477892 0.1077695536 0.6469514498)
(0.281822528 0.7833466665 0.6003246152)
(0.7255967277 0.4263398438 0.553215697)
(0.6740286965 0.7671822043 0.5598447943)
(0.4370249342 0.7171182822 0.4247318526)
(0.234536141 0.2595273908 0.1084797104)
(0.894012741 0.233442889 0.7495112095)
(0.4146901962 0.5580263867 0.2744521847)
(0.5004887569 0.6662536679 0.7634431158)
(0.2943989912 0.5631408724 0.4368298106)
(0.891910494 0.5535295077 0.4419584017)
(0.8897945993 0.7830132153 0.4877411057)
(0.8845478765 0.262817932 0.3789616141)
(0.4550692863 0.4403014765 0.8908018143)
(0.7668717945 0.7500911334 0.8947522421)
(0.7285615772 0.2154124117 0.8886759122)
(0.8933632198 0.5784960695 0.111035759)
(0.6124215322 0.2541884734 0.4744365824)
(0.5490741782 0.5861680678 0.2735378084)
(0.8012695138 0.5262259731 0.8857453627)
(0.8941232236 0.7449926707 0.768236051)
(0.2581331056 0.8920855072 0.2598711485)
(0.666565729 0.2907973762 0.7920457638)
(0.4155196206 0.5083345484 0.8091510512)
(0.7649487498 0.1105005858 0.87638836)
(0.7491685429 0.6729933805 0.4649553734)
(0.6563734638 0.6870879864 0.8944777944)
(0.4446774942 0.2739559837 0.5754615475)
(0.5971664691 0.4144303261 0.5854301137)
(0.4005078428 0.3874075421 0.2909803309)
(0.7721071982 0.2528302464 0.7085356555)
(0.2230963792 0.2828680872 0.7276476279)
(0.1066370719 0.5588942879 0.7703816916)
(0.5361947013 0.3455162791 0.7599067802)
(0.2293853182 0.7173650369 0.3851993695)
(0.2152832365 0.3707563806 0.2650848103)
(0.8932628297 0.4427423541 0.43869459)
(0.7180202345 0.6131417923 0.2046024009)
(0.6924799688 0.7811806808 0.7399871269)
(0.6616575888 0.10693165 0.6695845976)
(0.1046964653 0.7530073243 0.7688884347)
(0.2963278534 0.7793003875 0.7492411828)
(0.3373684632 0.3115812065 0.1022896764)
(0.6983293327 0.3700134839 0.4119836811)
(0.3546171518 0.2330672094 0.2635237393)
(0.5870277083 0.1020652862 0.4727589484)
(0.7587792784 0.2942323448 0.2428373068)
(0.8964334089 0.7522338995 0.2715307843)
(0.2230593012 0.5700588726 0.893305023)
(0.1069844815 0.4502037343 0.7872892074)
(0.2259974263 0.1001639897 0.771886598)
(0.898843991 0.3703811129 0.6597649948)
(0.7862447666 0.2599188715 0.1078121763)
(0.2092622476 0.593667125 0.7249194903)
(0.4341554669 0.8904829968 0.8381876325)
(0.3918754731 0.7156597408 0.8929773523)
(0.3926726741 0.1152339792 0.1499441543)
(0.096693428 0.4249674588 0.1099373966)
(0.8079583756 0.5894867413 0.498869875)
(0.3860495431 0.3318353304 0.8970689288)
(0.4305003134 0.4150168712 0.5566097053)
(0.3948384688 0.7719738544 0.5075362087)
(0.2351807216 0.100584218 0.4814845139)
(0.6650517449 0.6032310629 0.1042009871)
(0.4494136118 0.2180636128 0.1052716211)
(0.4665979138 0.2539214672 0.6804745777)
(0.3243419933 0.6407217806 0.1000169798)
(0.0991521329 0.2216146271 0.2222915788)
(0.161398004 0.4913362974 0.5884522366)
(0.7816976329 0.0984462946 0.5138968184)
(0.6081590528 0.1217891378 0.146086242)
(0.2417501067 0.7739176035 0.8987877489)
(0.2194667911 0.230786663 0.903191718)
(0.7831598555 0.9007464856 0.7644723765)
(0.6342879483 0.09840395634 0.3257414586)
(0.2292316543 0.09839292027 0.2054901643)
(0.1048495652 0.843018531 0.4372288222)
(0.6541285894 0.8952098072 0.3300950331)
(0.524526314 0.7459441451 0.349687462)
(0.8956856249 0.5883484179 0.9027623929)
(0.09878679236 0.3887184593 0.6984309985)
(0.2150073171 0.5992658669 0.5109778688)
(0.9049019455 0.4418675205 0.7653576991)
(0.9021599296 0.09776510497 0.4055836026)
(0.677012077 0.6137765485 0.771953104)
(0.1070205004 0.09514602894 0.583865825)
(0.2113506165 0.9009379882 0.7675164935)
(0.2042369893 0.4179996363 0.7131396498)
(0.262972825 0.3576966657 0.7871609712)
(0.7819394799 0.2818280298 0.5840306311)
(0.3515780631 0.7580212649 0.2550785369)
(0.3720377303 0.09433555825 0.586324053)
(0.1005217409 0.3369869258 0.4867545531)
(0.6515481968 0.6160422413 0.618544021)
(0.09284385752 0.3824733551 0.3564357761)
(0.4564333734 0.8022633243 0.8965087998)
(0.4257705249 0.3115936868 0.4456567451)
(0.7336340841 0.7419985935 0.2277451632)
(0.7679781464 0.4547464083 0.1049006945)
(0.2494809762 0.2584639464 0.2733251571)
(0.7899700465 0.492733911 0.5986764364)
(0.6063028157 0.626791817 0.3485148691)
(0.7668057544 0.7693498772 0.09557186356)
(0.2054987449 0.9037593129 0.16288623)
(0.1001815534 0.2186596473 0.7721661615)
(0.352063524 0.6979651893 0.7788638765)
(0.7836760163 0.6910381891 0.7161500532)
(0.2264628307 0.0981752659 0.3153919248)
(0.8981258205 0.6577298842 0.6174153314)
(0.5664175881 0.1771131144 0.9046748816)
(0.09389748527 0.6048673502 0.9051608664)
(0.2583281923 0.3971998753 0.4452511947)
(0.5666128509 0.8200007863 0.4713124416)
(0.4310638386 0.4291478941 0.7475545694)
(0.589652116 0.360162542 0.3147451803)
(0.8952980415 0.52679172 0.2111297845)
(0.1020589442 0.7735222981 0.225709061)
(0.7364054591 0.7610637245 0.6405674091)
(0.09305341608 0.6564399915 0.6199963917)
(0.9064811747 0.562971123 0.6673862768)
(0.568522673 0.5280866577 0.1865179658)
(0.52965681 0.4249789197 0.8246022607)
(0.8984963152 0.2104559803 0.2913741684)
(0.6538341286 0.9065271267 0.6732472976)
(0.6184012943 0.5778201671 0.9041397888)
(0.596722161 0.9045878132 0.5596227966)
(0.768464596 0.7359007185 0.3859426738)
(0.4027771355 0.9027846082 0.5508465166)
(0.2268189735 0.8249546568 0.09239627531)
(0.6657203134 0.9064807094 0.104173367)
(0.5969192195 0.9062744138 0.4301659069)
(0.8964079776 0.3667657389 0.0986580918)
(0.9039250422 0.7001248675 0.4301766712)
(0.5674018338 0.774707184 0.9040514984)
(0.5120752805 0.9036800346 0.7751775075)
(0.9050124113 0.5869309336 0.5461049349)
(0.6340404462 0.7370045694 0.204036078)
(0.1002324002 0.6122289322 0.09966573653)
(0.7205329062 0.2117774408 0.2865698168)
(0.3785221179 0.8117605445 0.09339179549)
(0.5413579277 0.09957797565 0.2234901448)
(0.09925953833 0.778054504 0.5190426065)
(0.63312251 0.9034479748 0.9021827112)
(0.9018941317 0.3888636755 0.5225440749)
(0.9007889963 0.3798485291 0.3341942305)
(0.4024209699 0.9064350729 0.4279770011)
(0.6085360731 0.431101037 0.09237883451)
(0.8120486523 0.4227684032 0.4952698927)
(0.7435991466 0.9000230762 0.4609583071)
(0.5295342184 0.4379875842 0.3303067964)
(0.4270271045 0.5521576682 0.4491552926)
(0.4856107307 0.7807065312 0.09608747266)
(0.5373914887 0.194377348 0.4090106137)
(0.5384701379 0.9096802061 0.3430483657)
(0.2646315183 0.6827795272 0.4721507896)
(0.5683525808 0.09355247804 0.8291416093)
(0.9083464023 0.7746744072 0.5852170471)
(0.09047349418 0.2307692308 0.34484093)
(0.6687529783 0.3461336684 0.9091783703)
(0.9019032335 0.6817494373 0.09898680078)
(0.7788097391 0.3411689429 0.6642384203)
(0.4249459361 0.290170943 0.2221150606)
(0.8008908457 0.5947575584 0.7575500398)
(0.5258777285 0.4424946645 0.4293148009)
(0.5717231513 0.5750896692 0.08933576083)
(0.0993133075 0.9014758152 0.3255587286)
(0.6111146495 0.3082566961 0.09521276811)
(0.3282714405 0.9094095694 0.6336431949)
(0.7961358602 0.380006805 0.2779086687)
(0.3716503962 0.9061758567 0.3204129749)
(0.4152957488 0.6056233035 0.09267378787)
(0.20687509 0.718559952 0.2281922185)
(0.408462645 0.6638526343 0.7060770788)
(0.7614815564 0.5236459987 0.3764780653)
(0.3562078882 0.09038638213 0.339072615)
(0.5674674986 0.3673648127 0.9104335189)
(0.09285322641 0.645457789 0.3656600094)
(0.2335482143 0.3575907146 0.0967472334)
(0.1005729257 0.09611691719 0.4021544108)
(0.3393908366 0.09130283348 0.7727601153)
(0.5598680324 0.5132729012 0.6724205987)
(0.322585452 0.4440447741 0.9049036988)
(0.299415444 0.5533080667 0.2467579226)
(0.371554749 0.6643397091 0.237859451)
(0.1832072658 0.5295423343 0.4491805109)
(0.7910676957 0.09605199636 0.1860339524)
(0.6280716285 0.2206229697 0.3181198008)
(0.3559115667 0.6179538308 0.9040599201)
(0.2192583589 0.09218362773 0.6757378891)
(0.09450088931 0.5066402169 0.222504258)
(0.4200941328 0.2073051621 0.4496663814)
(0.3505856203 0.6042213093 0.6408499399)
(0.3496645188 0.9025341839 0.9098828918)
(0.822556058 0.09490401816 0.7929060167)
(0.2524598878 0.6128899268 0.8104880918)
(0.09142758425 0.6523163129 0.2273273967)
(0.5769229947 0.7275396635 0.8033570758)
(0.1908605647 0.4507272283 0.08978547938)
(0.09420949598 0.8086825721 0.6318593169)
(0.824404128 0.2025479991 0.9089502686)
(0.3236747032 0.2243413399 0.655766854)
(0.9041769141 0.679305864 0.335268811)
(0.09073755402 0.3160474994 0.2077000004)
(0.2219480556 0.6666577426 0.6622378987)
(0.8195499846 0.09133370619 0.6377295837)
(0.7860666707 0.302345696 0.3362498271)
(0.1873568241 0.9084278106 0.6357073833)
(0.5070848768 0.6742074636 0.5643579119)
(0.08685458361 0.3768203563 0.5729189476)
(0.5055094045 0.2025129582 0.5966063364)
(0.5344663071 0.6222884479 0.9094459967)
(0.825009444 0.3557964871 0.9105502692)
(0.1913761581 0.336716901 0.9110325794)
(0.9062910858 0.3569805641 0.8118536015)
(0.2040783933 0.6306113343 0.2692346474)
(0.09317693204 0.5624909193 0.4212340181)
(0.088625682 0.183998493 0.6862413323)
(0.625171456 0.09869621265 0.9089187708)
(0.3425055487 0.224039241 0.9097472479)
(0.9082198745 0.2225366127 0.5669365874)
(0.3844570153 0.2792298927 0.8171984631)
(0.3868045321 0.91435235 0.08564783288)
(0.6939676172 0.8675149078 0.7849796994)
(0.5838455892 0.09375458046 0.5678654857)
(0.7725653379 0.6559570547 0.9088100337)
(0.2937731436 0.2203610577 0.7942564894)
(0.4085194165 0.5225797783 0.9031582988)
(0.3134705624 0.2127733224 0.3475593921)
(0.6746356511 0.360820145 0.6001423895)
(0.09454777185 0.576348868 0.6708340364)
(0.9102685466 0.8510439299 0.08902891805)
(0.3043607645 0.9035335088 0.7936646098)
(0.8696983362 0.21464972 0.09129574534)
(0.9132316038 0.09732835174 0.6352316324)
(0.9099860234 0.181757229 0.1836704893)
(0.5202852427 0.5788276584 0.7912913544)
(0.5964613975 0.2266922229 0.7819424666)
(0.4230768392 0.356032237 0.08244677664)
(0.210584484 0.672315646 0.9124241978)
(0.812762316 0.9118327342 0.6429849802)
(0.09872507769 0.3352962318 0.08608305739)
(0.5006883004 0.906267005 0.2033175767)
(0.5941164849 0.7421218652 0.5166652598)
(0.4312288693 0.4736258156 0.3123743946)
(0.4210492401 0.9170759426 0.6427969239)
(0.7194004828 0.09131770321 0.5971386743)
(0.3071648118 0.385588649 0.2541226545)
(0.9129869316 0.6989979066 0.1930473341)
(0.5786449247 0.1810992088 0.5231520316)
(0.7729518595 0.6533700496 0.0911872847)
(0.5780520434 0.7877002472 0.2847862158)
(0.6177129092 0.7379738514 0.3534577798)
(0.371853377 0.3240464624 0.6065790192)
(0.7878490852 0.9093703096 0.3137635994)
(0.09231725654 0.7845137793 0.3192175389)
(0.9087980107 0.09011096426 0.4992196652)
(0.4495550773 0.4468292054 0.1844355727)
(0.704138982 0.2698677118 0.4619723151)
(0.3633208839 0.08450425145 0.6784451075)
(0.3369775969 0.482424038 0.5627157638)
(0.247221601 0.8059884843 0.4128026602)
(0.338100555 0.5494136628 0.09107162866)
(0.08600712753 0.1846916932 0.5575331797)
(0.9132271909 0.4401869379 0.5995979054)
(0.6587032994 0.7750063327 0.09137924594)
(0.4922543551 0.7916285832 0.4236782504)
(0.1694832254 0.6901964773 0.0867947767)
(0.914687819 0.9102535845 0.6348782527)
(0.09179966461 0.9047456092 0.786519454)
(0.6667290067 0.4715924746 0.7071931867)
(0.2171138578 0.1924501757 0.7078252654)
(0.3959651292 0.1119216858 0.911791599)
(0.6540611176 0.1817548073 0.08346659343)
(0.6308484859 0.2873670219 0.3895617535)
(0.9152691249 0.09733364073 0.7838858966)
(0.9162474895 0.6332164741 0.7975809053)
(0.6187918199 0.9149666759 0.1849998638)
(0.4377559526 0.7174673381 0.8089363726)
(0.418290747 0.8011390002 0.1914190828)
(0.889457086 0.8350394713 0.7926983817)
(0.566703791 0.9150738925 0.6457143068)
(0.2084167381 0.2908937461 0.8204217941)
(0.9154344901 0.3578280241 0.1958709023)
(0.1613537397 0.4514106271 0.190029203)
(0.9125862423 0.3103200016 0.5921891549)
(0.0848266792 0.1996674509 0.9095850383)
(0.4480335311 0.4104025405 0.4664061323)
(0.7887998502 0.1672419334 0.08561080688)
(0.641385907 0.6386977006 0.2488765508)
(0.9168561172 0.5728489493 0.3555019819)
(0.6861277383 0.4799859565 0.2262640478)
(0.4494931373 0.08608405693 0.3389706971)
(0.5560221557 0.4963431106 0.5791672364)
(0.9147688838 0.9053605615 0.3968889188)
(0.5698633908 0.5390777706 0.349439504)
(0.8077373352 0.2729306081 0.4294567132)
(0.3063760097 0.4728299491 0.424949856)
(0.6719136237 0.5605912619 0.4850068219)
(0.5317285477 0.6973420212 0.1901789154)
(0.3148545184 0.7328389617 0.5308303734)
(0.1934044018 0.08879695321 0.400555677)
(0.2925265737 0.4590032359 0.8190182088)
(0.2069423092 0.9145085493 0.3630498281)
(0.2824374004 0.6423032956 0.3914343733)
(0.9173797707 0.4994948152 0.8895029756)
(0.4445376045 0.6395066192 0.9127443063)
(0.8448015524 0.9176336128 0.08895793081)
(0.5135168886 0.2694220925 0.9198420561)
(0.5050687642 0.4197634572 0.6954231435)
(0.08528364711 0.441647628 0.4255007906)
(0.4406943028 0.8480777075 0.4892009126)
(0.8033696665 0.4474602753 0.406941581)
(0.9111010872 0.9042888865 0.5047248818)
(0.5975617216 0.6625130745 0.08865469412)
(0.9114373633 0.2036192656 0.8358752291)
(0.08267802768 0.09656859073 0.6696555207)
(0.1904906632 0.2904556232 0.212054262)
(0.1744894916 0.4560708187 0.9197586227)
(0.5303770391 0.188830441 0.683247535)
(0.5950828122 0.341447786 0.6394530521)
(0.3917081445 0.918977651 0.1756000471)
(0.9086298628 0.7901383814 0.6896369371)
(0.08233744895 0.4559168146 0.616103659)
(0.7953759401 0.3895589667 0.8163094409)
(0.0796675493 0.3104895511 0.756063219)
(0.2654010971 0.3067368248 0.4461941034)
(0.2622845296 0.5863217867 0.6506887985)
(0.2960727172 0.3589445404 0.9187376511)
(0.914959552 0.6755241671 0.9145551756)
(0.5646011649 0.8183435935 0.1743672345)
(0.43708845 0.1923983531 0.5372001295)
(0.6969747513 0.4607346989 0.4128761634)
(0.3415432043 0.7740298677 0.3433633012)
(0.5350741661 0.4209959443 0.2032748692)
(0.3431105409 0.5961676647 0.3144617726)
(0.682833086 0.08251565886 0.8439470969)
(0.4163116239 0.08681896531 0.8219833006)
(0.8097327147 0.2301026553 0.2861151337)
(0.3488422093 0.4057877932 0.08944000702)
(0.5687400953 0.08413557777 0.386176261)
(0.4719586057 0.2027525999 0.3061123681)
(0.08376818184 0.6569486056 0.456215528)
(0.8015124973 0.8326615947 0.9121699801)
(0.802793745 0.5869316001 0.2263276102)
(0.1950675372 0.1614386664 0.5522127595)
(0.7572345405 0.7867722184 0.3114471008)
(0.5395227215 0.8009721851 0.5755613288)
(0.7427716354 0.6501001452 0.375090516)
(0.435565389 0.08293106066 0.494443275)
(0.2050235604 0.4205663251 0.5482732648)
(0.4219494358 0.8065839013 0.2803293088)
(0.2349387786 0.3356827113 0.6567811188)
(0.7468733535 0.08126549204 0.6897983594)
(0.9153181301 0.347589048 0.9148122694)
(0.2310221795 0.9206588223 0.07934117772)
(0.1797400242 0.7960148206 0.2662765208)
(0.3607864524 0.498460368 0.7392137023)
(0.1797866612 0.4386592607 0.4338248295)
(0.4184949446 0.462337293 0.4000379491)
(0.1647133269 0.2085448238 0.282109429)
(0.08342603634 0.686660973 0.8273669914)
(0.7845589453 0.7850855743 0.7130506431)
(0.1686307926 0.5659157043 0.2052912775)
(0.3645283717 0.5520750574 0.5129333651)
(0.4729666893 0.2547221413 0.3955404432)
(0.4984298317 0.8305407615 0.3442091923)
(0.6837647031 0.7697038944 0.9211835738)
(0.9117049501 0.34655691 0.4418482892)
(0.8257937744 0.1261046975 0.4416193136)
(0.2327265953 0.3437132727 0.347876373)
(0.4815213789 0.9146977854 0.9122453499)
(0.9131915914 0.1833430237 0.6555443131)
(0.4514005439 0.7966206941 0.5709155933)
(0.2113570195 0.1714720242 0.1153757715)
(0.3925032506 0.1014222842 0.4191944689)
(0.7982151006 0.1952668683 0.5807175832)
(0.318149795 0.8067062921 0.1782787291)
(0.6506915201 0.6627712659 0.4163320359)
(0.7979769711 0.7988330729 0.5858237076)
(0.6169456261 0.6733872096 0.7458274165)
(0.3464307003 0.3578071409 0.7588972593)
(0.8138635552 0.9140191039 0.2272566926)
(0.3047895189 0.5144478341 0.167686849)
(0.7112179364 0.2144481449 0.8014428958)
(0.6872438033 0.07911422131 0.2358660688)
(0.804354363 0.4311212243 0.727858182)
(0.09421460944 0.9145538607 0.4961023058)
(0.79129046 0.2863411894 0.7885007226)
(0.3880495811 0.697538469 0.07990318032)
(0.1955786711 0.7229255971 0.8416814513)
(0.2872270846 0.9168792539 0.443196595)
(0.4327264198 0.6362362878 0.3096086512)
(0.6822808048 0.1709011377 0.6000677579)
(0.4941496956 0.5627190313 0.6199911323)
(0.5013776107 0.1350560756 0.7820366449)
(0.6490319491 0.7548530978 0.6438447308)
(0.7062843129 0.1458873618 0.3430908446)
(0.8387991793 0.08135422245 0.3191062009)
(0.672627715 0.5157854837 0.8685797362)
(0.286575624 0.3241032448 0.5871415878)
(0.8115510677 0.5410432839 0.6885374405)
(0.3770483107 0.171735316 0.08343615822)
(0.6452340537 0.2140982922 0.9165121607)
(0.5800262375 0.1967550116 0.197414542)
(0.2376170343 0.508635332 0.3831603982)
(0.2017623513 0.8236544379 0.6089677472)
(0.6568141789 0.08763099904 0.4207181162)
(0.9144766127 0.315177811 0.7258511646)
(0.08742370614 0.9029252101 0.6347305796)
(0.2552537111 0.7486304918 0.6771889874)
(0.6199516123 0.3394304919 0.736861763)
(0.1729500914 0.4063739784 0.3322572748)
(0.08868031594 0.7262966793 0.6753513784)
(0.4223929153 0.6892596072 0.5103248162)
(0.3059320968 0.4154848721 0.5161181024)
(0.2900792941 0.2021717058 0.2126979833)
(0.1934536806 0.08498463115 0.5932098449)
(0.2163041001 0.1701116998 0.4314775211)
(0.2389917657 0.6399600605 0.07631573558)
(0.315022364 0.08169185918 0.1939903427)
(0.8315048374 0.7298660505 0.2165225585)
(0.680267591 0.3109434997 0.2078018773)
(0.08804660974 0.6872919166 0.145682991)
(0.4182026248 0.8110669537 0.7826619062)
(0.07798174641 0.3030861065 0.617310219)
(0.3023273766 0.7748442795 0.07578180715)
(0.07989019175 0.815657431 0.9181486847)
(0.1766658443 0.8165513358 0.9147663303)
(0.8138322687 0.7163120835 0.793941791)
(0.8136601848 0.9179090809 0.9199339133)
(0.07822354906 0.4679857013 0.919549679)
(0.2528557453 0.4932440892 0.9204199652)
(0.3077031175 0.9228881837 0.1963800724)
(0.0826616643 0.4002634101 0.1912971665)
(0.6919219865 0.8365450725 0.609089464)
(0.08259690894 0.4902118216 0.3065510144)
(0.07996875473 0.08068930727 0.3182699138)
(0.4165111438 0.1952529639 0.213715568)
(0.3355927249 0.4377299887 0.3177723356)
(0.08270806024 0.5391852265 0.594022352)
(0.6652082852 0.8320698074 0.4120152694)
(0.712897805 0.2012453515 0.2004345377)
(0.7018276017 0.1833502402 0.4557069721)
(0.5439144815 0.3120038855 0.1950702817)
(0.4311722759 0.5301711395 0.1948045411)
(0.4279942581 0.5006838194 0.5452543427)
(0.5522785473 0.3680933078 0.07742701207)
(0.1889336859 0.2782260607 0.4748442988)
(0.2075007874 0.0809107338 0.1211373715)
(0.5411231643 0.9243815091 0.4926650414)
(0.7906993734 0.08039300328 0.09947117245)
(0.4421707668 0.7186778662 0.1899373208)
(0.4133299693 0.289761359 0.1367021051)
(0.3119016581 0.2314209742 0.08124693342)
(0.4563530622 0.922603984 0.3634934088)
(0.5384451498 0.07837284832 0.9137523538)
(0.5616701775 0.6470515006 0.5035568137)
(0.6431243664 0.2387293525 0.6501488521)
(0.3140652039 0.0789017809 0.9177220751)
(0.9137753455 0.1327424395 0.3269635378)
(0.9117866468 0.8011048387 0.199189007)
(0.9224733023 0.2261969226 0.9208617701)
(0.5126390024 0.5777055693 0.7034368485)
(0.4982135815 0.6161613432 0.07540843737)
(0.7621080804 0.6399298952 0.6502413853)
(0.6651464369 0.4004023672 0.3074566141)
(0.1980241543 0.8044140359 0.7133019428)
(0.8219591541 0.7192455228 0.4526514256)
(0.3482695277 0.7524285481 0.6447908513)
(0.9213178678 0.2862990254 0.09014438475)
(0.8781671752 0.9216717039 0.7806612252)
(0.9208583922 0.5018514915 0.2915009351)
(0.8156514092 0.9223887193 0.5204297018)
(0.7300300876 0.5134985242 0.2952621529)
(0.1869621937 0.08097291364 0.9188441595)
(0.5639222494 0.6757524715 0.6789937859)
(0.2405779621 0.1829033462 0.3132501347)
(0.1902783946 0.7337583901 0.5671772852)
(0.08066093719 0.8156104801 0.07798473902)
(0.7992061285 0.4376282206 0.915825693)
(0.08417382297 0.5808179906 0.1788500485)
(0.9219681008 0.07836840979 0.08224588567)
(0.1870910839 0.4281644206 0.8059575299)
(0.7870226292 0.1533127807 0.7287834406)
(0.6516525867 0.4288595311 0.9209645405)
(0.7392667121 0.8215631691 0.1928558318)
(0.08255348325 0.8112635632 0.8325257326)
(0.2729142749 0.4972658865 0.07644110202)
(0.1791116865 0.5610693007 0.8151559249)
(0.9036286768 0.6118334176 0.1914778498)
(0.780246218 0.274852448 0.9228196311)
(0.6353570753 0.4147219047 0.449723789)
(0.9239842083 0.7069706514 0.6816293441)
(0.9215541947 0.6278303724 0.4726532669)
(0.6785685347 0.9165708833 0.4087053252)
(0.5274674502 0.5045373728 0.0749516359)
(0.1907042768 0.9185103373 0.9119098528)
(0.3953976756 0.6564026758 0.1571976536)
(0.08331194359 0.304028723 0.3862652461)
(0.3095483173 0.08076202677 0.5169770396)
(0.5069547272 0.07376851172 0.7241675742)
(0.7794047784 0.372362766 0.07556427815)
(0.325916747 0.7663955409 0.9144638818)
(0.4381419896 0.1851946137 0.8196525787)
(0.5830513582 0.08259926614 0.6513931039)
(0.7945355425 0.8090550211 0.4231034603)
(0.5959040089 0.4418447115 0.7751541205)
(0.07829105314 0.3306554391 0.9172132466)
(0.07243754387 0.3461155684 0.2837464594)
(0.1753588781 0.5737369199 0.07979282727)
(0.6467963892 0.08333820217 0.7508481773)
(0.5600305749 0.08542786068 0.08172379391)
(0.08227720284 0.07807351824 0.07807351824)
(0.3537177257 0.08358891743 0.07995327327)
(0.1732231989 0.5658022605 0.3508302476)
(0.2475559526 0.428591594 0.2132611485)
(0.2236266652 0.4965374636 0.1566168247)
(0.4452446663 0.3394556538 0.5226349595)
(0.3356675691 0.8246660357 0.686425421)
(0.5084374678 0.3269652848 0.4477016661)
(0.6469280879 0.5694221318 0.1929582754)
(0.3024022769 0.9252914359 0.7122659499)
(0.7062999108 0.5033701406 0.07463136514)
(0.2794288643 0.4998245612 0.3086693919)
(0.307186497 0.1849033519 0.4550823784)
(0.07882529157 0.6882146245 0.9214356261)
(0.7178453248 0.2976171622 0.07713155213)
(0.5770859941 0.6933102125 0.919843462)
(0.5624516766 0.5110711063 0.8152146155)
(0.08150835028 0.3729724856 0.8108990914)
(0.4584271685 0.9290085779 0.4903234686)
(0.1544628654 0.07239644146 0.8075244399)
(0.3779733904 0.3115429522 0.3774169009)
(0.6721404546 0.9187519724 0.5926550791)
(0.2860384697 0.7359028606 0.208478085)
(0.5697446837 0.8117985259 0.8067120571)
(0.427787924 0.4897786912 0.6907670925)
(0.335544376 0.6553894622 0.5767190312)
(0.4541646942 0.08186015403 0.5847308908)
(0.4410179788 0.08371300757 0.08429822486)
(0.186518979 0.9205805461 0.5226944933)
(0.2370175637 0.6993110158 0.3038459511)
(0.1755453894 0.9297898608 0.2784252677)
(0.9200614185 0.5227009819 0.5962499599)
(0.7631072248 0.5890750087 0.4283931085)
(0.1845989269 0.7084173918 0.4694364134)
(0.3486191015 0.3148923446 0.2424848873)
(0.7452781689 0.3749938693 0.9232033921)
(0.3985136873 0.2630712248 0.5072935142)
(0.9145259804 0.07982414556 0.1789556528)
(0.3385391971 0.8267345164 0.4114444321)
(0.08389892122 0.1862719932 0.08555771428)
(0.1088885973 0.7351036898 0.5918130623)
(0.827851179 0.7148929671 0.08118846752)
(0.08179432759 0.8235271011 0.1614836935)
(0.8185373434 0.4351276217 0.1866881639)
(0.1313571601 0.9173469213 0.4035512821)
(0.8057692537 0.4621171505 0.292924076)
(0.5145074881 0.4111530546 0.5897539539)
(0.5527276361 0.2066746802 0.2843105144)
(0.4749322258 0.7273716792 0.7138311167)
(0.7224007319 0.9239343211 0.1642345801)
(0.520033218 0.4791318014 0.9215646755)
(0.4966248323 0.9293795637 0.1090798192)
(0.1673241124 0.3022488222 0.623919371)
(0.4431462473 0.4349334796 0.07310951688)
(0.2568511297 0.1801044366 0.6367425763)
(0.5080610807 0.6264564753 0.15624024)
(0.3725840868 0.7004278477 0.3762055241)
(0.9164639582 0.8146814433 0.9178890975)
(0.6178068537 0.5100445772 0.06985717134)
(0.3874461806 0.2743759205 0.6704098978)
(0.07794771859 0.1706182666 0.4380087332)
(0.7331981019 0.4153221361 0.471661892)
(0.1742033897 0.3061758368 0.07361371776)
(0.5443370182 0.8178464748 0.7176519793)
(0.9171305882 0.8225481036 0.4172566328)
(0.7049500346 0.08028361474 0.9263256609)
(0.508901625 0.214321396 0.8583540713)
(0.6653232393 0.4237563057 0.1639691967)
(0.7911394973 0.9200362139 0.3959754691)
(0.4786978891 0.3680282261 0.1764132261)
(0.6680018247 0.5187423587 0.3494083238)
(0.9254798696 0.769071864 0.07359819563)
(0.3366978969 0.1673141088 0.5983428554)
(0.07777128818 0.9222287118 0.9222287118)
(0.8257105348 0.6892877116 0.5929155351)
(0.5363685012 0.2861010326 0.8171439162)
(0.2877436028 0.7595301939 0.8302260739)
(0.7350677796 0.2398458358 0.636568887)
(0.7286367408 0.7993175111 0.8392317744)
(0.3339386537 0.6042076083 0.8230803476)
(0.2911195797 0.07291203253 0.6423655307)
(0.1648173165 0.340705581 0.6982906073)
(0.7597740213 0.07285873658 0.3477321758)
(0.4595158166 0.07458314218 0.1853567611)
(0.8264784092 0.5288344513 0.1624081183)
(0.9237824097 0.0824743004 0.9241055497)
(0.8287079896 0.829218954 0.07450888198)
(0.4502865248 0.3992451359 0.8207307917)
(0.6295483294 0.9164181713 0.8164472052)
(0.07708146192 0.6224472488 0.5468123759)
(0.6396197443 0.5600929542 0.5601231619)
(0.07802099511 0.07802099511 0.9219790049)
(0.6586671195 0.4323913729 0.6360326356)
(0.8175208263 0.92089558 0.8371766971)
(0.9287861743 0.5032108352 0.7177226555)
(0.7057479936 0.4626764489 0.7979771635)
(0.3236679192 0.9202611402 0.5405019181)
(0.8337144118 0.4995717762 0.4624575635)
(0.2403429366 0.5085887022 0.5784389593)
(0.9226726609 0.9226726609 0.9226726609)
(0.7307808133 0.9309504909 0.6474916728)
(0.6636686027 0.6838957996 0.5748327463)
(0.4952874953 0.5874125353 0.4155804863)
(0.4898138654 0.3786438672 0.9298677309)
(0.5016324326 0.5668593597 0.2107559536)
(0.6538501197 0.9293655272 0.2566179876)
(0.1158467295 0.2238341935 0.6222769896)
(0.3608548768 0.07068357003 0.2602867244)
(0.9206049536 0.1895059675 0.3857139345)
(0.4821109869 0.5724044407 0.31707629)
(0.0695323833 0.5368219127 0.08976975671)
(0.1556924659 0.2748216582 0.3643202616)
(0.6754782772 0.2745119262 0.87123081)
(0.7136703572 0.5467053802 0.8017509071)
(0.07890884953 0.08491397978 0.1801614942)
(0.9170409112 0.918374084 0.2468014446)
(0.07047086549 0.4924970329 0.5086732309)
(0.3241518557 0.8431148537 0.5655006202)
(0.2060522094 0.491891772 0.8543547296)
(0.8309814443 0.7073223516 0.9294850094)
(0.9290444646 0.278506941 0.8080942133)
(0.07127606142 0.2636971424 0.5038662654)
(0.8310622587 0.5757713253 0.3437620173)
(0.8150973383 0.8368829582 0.3423255941)
(0.7138522255 0.920577946 0.7264799124)
(0.1799265923 0.1625080381 0.9260979591)
(0.07210324641 0.6061421625 0.8268336368)
(0.8325378215 0.1799935735 0.6575976868)
(0.2995457533 0.292063998 0.757547551)
(0.2764226805 0.6242650784 0.9252913676)
(0.9243283352 0.2670808541 0.2385519038)
(0.5029385464 0.2794971184 0.2811254764)
(0.6128532043 0.8178326132 0.5471428353)
(0.7110353033 0.8397787309 0.08091309456)
(0.1512364527 0.2125695006 0.5036267147)
(0.5756371269 0.5403402904 0.5085036764)
(0.08522958368 0.9242323853 0.1795024628)
(0.7245277561 0.5081131776 0.6431100696)
(0.0814144197 0.1483873444 0.8104000757)
(0.9256872323 0.5004707218 0.3908621029)
(0.2859699296 0.1410814028 0.8071042482)
(0.6309169796 0.3618454638 0.2457472102)
(0.772714727 0.6700843759 0.2262202494)
(0.6903892828 0.7157132055 0.4999473877)
(0.4909748075 0.6328018091 0.8428773522)
(0.3906061671 0.4068619097 0.9239373803)
(0.4463592997 0.5145050246 0.0737057393)
(0.3201330829 0.8386441985 0.3010208201)
(0.4911218482 0.5741181494 0.5406873611)
(0.4989706373 0.8558020842 0.07040080687)
(0.4949737997 0.7103719352 0.268428957)
(0.5584533988 0.4464314199 0.5162961006)
(0.9273000455 0.4387547894 0.1809802596)
(0.8209521254 0.8318106262 0.6568739548)
(0.4239480498 0.8332532198 0.687692852)
(0.7262147728 0.2170698744 0.07204267086)
(0.3813950354 0.8271175789 0.9198700192)
(0.9291353747 0.2973652316 0.3210904634)
(0.5773870377 0.324949829 0.4886824516)
(0.07085248499 0.1611260481 0.306753609)
(0.3725722981 0.1630899195 0.6889613805)
(0.740965767 0.3088702373 0.1540507543)
(0.9214708026 0.2572034216 0.4496642582)
(0.649779984 0.6963979787 0.8151830903)
(0.177117323 0.0685778466 0.2616002526)
(0.9291542644 0.7005780482 0.8395046557)
(0.1678177285 0.830418683 0.1473856341)
(0.6363473438 0.5253090524 0.422608322)
(0.7141764067 0.07194212721 0.4800214096)
(0.2863337362 0.281834193 0.5192518392)
(0.5138103071 0.3417604088 0.3320089512)
(0.8357648707 0.5261824968 0.07870427545)
(0.6879736017 0.4964793687 0.5602692462)
(0.6723934472 0.3922961294 0.7033642683)
(0.07548702199 0.07331467142 0.8409048839)
(0.7789273421 0.7163912863 0.1560241315)
(0.3875444771 0.2541283291 0.07017871839)
(0.1713710266 0.9267899892 0.8333958246)
(0.6631791816 0.8280942126 0.6827960813)
(0.6954912523 0.7551748467 0.3507182407)
(0.7482912612 0.3526306691 0.5718218092)
(0.5861292267 0.8128668366 0.08058691548)
(0.2831982761 0.507555092 0.7249697805)
(0.2923994569 0.6515891239 0.7532877111)
(0.5131630973 0.1813182784 0.07338643266)
(0.1565621638 0.3439470279 0.5550257081)
(0.657265317 0.5499736134 0.7182726153)
(0.1622883941 0.8305959855 0.4939287994)
(0.1330358852 0.2005300389 0.8442326087)
(0.9200766005 0.4373063052 0.0728223006)
(0.4945540637 0.9230276724 0.6151993636)
(0.4409935597 0.07045755796 0.6789647963)
(0.200889106 0.4795704584 0.3189476848)
(0.8411852992 0.5315330463 0.2711125764)
(0.827044162 0.4034564337 0.6572065841)
(0.3200850564 0.372840324 0.1548449151)
(0.5311584002 0.7012167133 0.07157081913)
(0.8519284637 0.5003230483 0.7487871652)
(0.3079999213 0.9314519081 0.06854975212)
(0.4465748914 0.9209879155 0.7279712867)
(0.9304221604 0.8405156961 0.5473444299)
(0.8672944496 0.161230153 0.7845013175)
(0.06884537132 0.7212720946 0.361534937)
(0.6536938492 0.2056923302 0.5211884619)
(0.7828001776 0.5838291378 0.834177559)
(0.8192851079 0.5934938869 0.9240470022)
(0.6259329615 0.826305714 0.9260419197)
(0.1814154313 0.6558182351 0.3419300274)
(0.2453582414 0.58266228 0.1972822434)
(0.5939366442 0.4567465018 0.1652849175)
(0.1673028344 0.06886337181 0.5205462402)
(0.9191053273 0.8107680171 0.3242589253)
(0.9252350791 0.5778734996 0.742352784)
(0.2810733339 0.07026906226 0.7244069475)
(0.1662430875 0.7528203629 0.351889126)
(0.718683411 0.5362890165 0.1793352786)
(0.25963058 0.8475515287 0.4965058836)
(0.7233260592 0.8233199365 0.465501475)
(0.5674961279 0.07080549085 0.2927659899)
(0.9299536045 0.4973483037 0.4825445023)
(0.07293343547 0.1657585824 0.1684205553)
(0.9289769882 0.158932616 0.09111554806)
(0.1695387409 0.6665930483 0.6031645572)
(0.5514684663 0.5489726308 0.9287413595)
(0.9300564124 0.7027722708 0.5610522041)
(0.4876947705 0.1741414276 0.4722110993)
(0.8091787734 0.2794446012 0.1829005965)
(0.7457707373 0.322511886 0.7327723105)
(0.844884964 0.7499758867 0.5443221945)
(0.4035054719 0.9258729724 0.2522050306)
(0.1512235341 0.2774947598 0.7597036657)
(0.6542555489 0.9351230754 0.5109328601)
(0.2830573378 0.2690530358 0.9338359659)
(0.9327214704 0.1618925434 0.7419445721)
(0.3405943804 0.9305922582 0.3874218079)
(0.7658072807 0.9271795044 0.07332780396)
(0.4915056053 0.1812514733 0.927203335)
(0.7930093745 0.1959911288 0.4282342244)
(0.0665927115 0.2684847921 0.2810014498)
(0.9287575102 0.1608587594 0.5243825151)
(0.569766442 0.5112284151 0.2767824136)
(0.6847616917 0.6066946273 0.3224068909)
(0.5145031575 0.07377980273 0.4808807286)
(0.8426038809 0.420059369 0.06865229063)
(0.1763541456 0.7380025861 0.9306114046)
(0.444786825 0.1965611715 0.7292163464)
(0.154137436 0.5613715246 0.9285452826)
(0.654953835 0.09603452882 0.07887944557)
(0.1555433183 0.9323184484 0.06760518169)
(0.7013708939 0.6365893782 0.9326827719)
(0.8308078802 0.06919376644 0.565110825)
(0.731698119 0.9291890664 0.8178813999)
(0.4605718327 0.4229402345 0.2573156893)
(0.182614271 0.7650413242 0.06901957387)
)


// ************************************************************************* //
